8531
1456
2080
6308
9730
6331
7346
6889
4698
9023
4601
7411
3427
3604
1425
3182
6093
4719
4538
5359
5479
6694
1931
501
7964
6597
1991
8384
2989
4627
7455
634
3510
2582
705
8749
7328
8560
8606
7321
8006
6106
151
179
232
4244
6288
8434
4775
8104
9507
3320
137
3316
6130
123
273
4932
9055
1311
4993
6625
4355
5454
7032
7099
9415
3332
4398
9342
4925
2160
4011
5033
1812
7541
809
6717
5557
252
7956
3897
7678
245
3350
1464
1399
9852
6336
1570
677
784
3354
8285
7143
9049
1636
223
8346
3949
9458
1665
8647
5687
8442
695
354
4541
4521
6154
1961
2062
3339
4611
4850
4642
9091
4310
7695
2048
7596
1433
4753
4449
8811
8758
1637
7065
7034
4687
6481
64
4613
3827
5104
6003
9052
8415
8061
7434
8001
5489
6124
9775
9444
908
4076
4156
446
70
6632
6813
7412
6677
200
3796
8631
41
9831
9794
9262
1453
7312
4000
1101
7182
442
7568
3819
6315
5183
6089
4237
312
796
115
5210
9355
5400
3441
3617
7371
5256
6723
2218
6994
654
3180
7645
2224
2289
4513
2103
1040
9818
9412
7637
2971
6745
5498
1758
3093
673
8117
9529
4295
3358
1929
499
9521
5664
7460
4784
3723
9404
4371
6257
6523
4528
8243
8412
1874
5294
1313
9469
3782
2827
6412
6072
8249
7147
964
6935
9700
5038
5531
4177
5592
9144
46
4066
7173
5213
3197
8656
8062
5959
6314
8299
4045
5100
4247
2692
4717
7193
3514
6073
2641
3556
6796
9494
1218
8634
8157
1215
2094
9702
1413
5167
9123
6735
8024
3476
6155
4141
8091
3618
5844
4781
6408
380
9727
2267
7966
2927
9641
9272
3169
134
9339
6121
4551
1085
6490
3337
5923
4515
1795
1687
9039
3229
5388
4992
6000
7474
3244
5093
4418
7776
7852
8965
7887
1173
4605
1834
2162
6749
2182
6621
5295
7326
3191
6762
10
7047
4954
5248
8137
3099
1769
7179
3143
4488
4448
2680
1745
9030
6028
5913
1091
8347
3788
8003
6600
5488
5696
5037
1079
4595
4704
6476
1822
5637
34
754
2599
9827
8152
1744
7433
7017
8011
1807
1186
6143
7241
2973
3415
7050
3266
2556
6774
5312
3935
8423
1620
6066
2677
2241
9940
8055
5451
626
316
2347
7276
5504
9896
9206
3641
1871
8190
7955
772
8688
7636
3866
752
3116
4556
4459
7547
460
6513
9320
435
1721
9424
4927
4512
6251
3120
9892
6018
8886
2510
3347
7693
4337
4120
1408
4588
2290
7073
2529
1141
3793
5151
3369
6400
4278
2159
6654
7097
4544
8905
135
9411
262
2020
5257
1727
8699
8925
6847
4842
3105
1103
2520
7229
4833
2884
14
2797
8746
9397
5845
7126
6453
9848
5875
1203
2752
6668
1099
682
7270
3158
7209
3593
4283
5315
8306
2284
8312
2889
4002
4122
305
3823
5803
21
2169
424
6091
5226
9138
7410
8018
4476
5912
5658
3335
687
3633
845
2535
464
1219
1262
163
1819
5019
716
3091
3211
9219
1918
5999
2504
2407
3751
4070
8389
563
9034
7235
844
5933
1010
2371
225
53
8651
4150
6486
2756
426
1603
4816
3991
3948
8628
4246
2323
5058
5726
9543
9267
9002
8785
1809
790
2243
4004
6917
3609
9854
5704
4456
8253
1746
3756
7348
6714
7113
858
8053
2790
8514
5262
6205
8479
5651
9782
5759
2034
3136
3941
1372
6911
5802
2022
2318
1510
669
9381
40
7044
5105
6150
4764
2096
6191
4654
3635
226
4750
983
2643
1371
9058
5457
9544
428
5493
9427
7349
5798
3624
5702
5431
3684
55
4837
9906
6758
4427
8888
5247
7628
566
484
6357
9832
660
8450
1794
6404
5043
4022
4416
9248
5718
2929
6151
7457
6715
940
5333
6598
7807
4097
1606
2477
6145
5984
4586
3734
3590
7813
3501
5530
3408
8624
6482
7122
3878
3474
8557
3052
6658
3632
2833
569
6829
3256
3269
742
2649
2876
9524
3859
6287
3937
1622
4189
3168
4440
2275
3414
8969
7311
1330
5201
9941
8795
4804
3569
8156
5144
5101
2780
1706
2223
6474
15
7708
5659
7625
1759
7058
4154
2704
2378
6522
8401
9905
1702
1282
4224
8382
9729
9849
3735
6724
5847
503
5978
9196
3813
2779
8028
1555
6410
4268
7823
2008
493
3898
2589
3384
3447
8031
8923
9398
5969
717
3331
1392
6642
7967
9253
6402
2217
8774
5478
3404
4034
3616
3338
2996
8555
8235
9395
4220
7177
3870
1892
8038
126
2905
8737
6859
9555
7151
3955
4882
5835
8425
5700
7809
1488
6015
6639
2741
2405
6048
1882
5455
6114
1553
7308
4861
9046
2400
1778
547
8295
8013
1411
4830
7771
5390
3125
5090
6517
8136
6042
6618
1268
7508
5444
4292
2095
4377
5181
2696
8681
1835
8570
3599
2495
294
3989
3983
6707
9013
393
707
5462
3881
2264
9723
6195
3655
9999
1517
5227
840
4612
5398
4180
5322
8984
5124
4466
416
5205
7797
6905
6775
4625
6489
3374
1492
8129
5435
1034
1405
1891
4162
4057
9310
1736
9926
7604
1247
1648
5338
7825
676
5790
7046
8197
4458
7400
5573
1742
6839
718
7946
455
6328
2436
5132
5182
3001
4424
5306
1169
3626
6395
9633
2972
1002
8374
4763
6105
1269
5249
2003
1723
6349
3200
6687
6162
2968
674
7888
8180
5697
1584
7832
1880
4321
9092
6258
2426
8916
2626
2460
4259
4192
9173
2838
9155
6701
6516
9737
7672
6821
7309
8317
8204
2216
1644
100
753
3854
9032
8477
2935
7860
5068
6030
6041
5629
2357
2848
7447
7019
2651
2107
4188
2375
8138
8695
944
6754
362
7366
9573
4421
9703
9445
1699
9689
6712
2352
8255
3862
2782
9895
5459
2151
5194
979
6744
3698
3039
7404
7849
7998
4081
8236
1860
7950
3351
1817
4401
5997
6982
755
11
8466
2266
4368
4129
2860
3986
1460
4896
4088
8114
7262
6764
3527
4832
2253
5994
8903
3987
963
9073
9484
4025
6192
8186
3883
376
4300
9740
2762
1647
44
6312
2561
4583
8087
7000
5448
3322
8164
3086
5539
9212
9826
3548
3625
7639
948
480
7846
5953
2341
5885
1337
9295
4317
9928
5316
47
5097
9258
8793
2729
5579
8987
1398
7919
190
2140
5533
76
6180
8421
1176
9383
1143
8309
1538
3479
3470
6895
8530
6561
7409
5652
9658
2749
2406
1485
2018
8461
8821
188
7112
2855
206
2979
5159
881
4703
6560
7826
4843
2394
5385
9489
1291
629
1390
651
5931
6223
814
5066
5215
6944
846
22
6506
3065
4036
5476
9242
9739
7461
5053
1296
9836
8845
9407
5603
160
9847
3343
449
6449
2452
4510
3438
9325
7456
8183
5981
3683
8126
5773
7022
7614
7674
8042
5021
780
1663
6361
6340
6099
6426
986
4261
5588
8413
4741
4891
3076
7974
6330
4710
2902
4905
1599
1575
1443
8051
6922
5856
4522
6779
1427
7291
968
4281
835
653
9448
8569
8817
5453
2961
156
9442
8550
9564
3147
5008
4419
4298
6590
683
6773
8246
7303
8263
8194
3043
5158
6446
8057
437
3677
4657
8940
4519
7414
1410
8458
3399
564
2615
5374
4185
5813
7481
3727
2990
4987
5119
468
8239
3238
1303
4256
913
3395
1331
611
3159
8305
9200
3701
556
1195
9696
7711
9949
7573
8193
5639
5527
5409
8340
6163
5505
1462
7335
5185
1446
7200
4073
5392
4640
6207
2398
2463
9108
1989
6295
3680
6004
1964
2550
6823
9763
2524
7566
1160
508
7864
9382
3867
719
1190
2803
4877
9245
2920
2640
4645
3230
2128
1347
8027
6282
2
4591
9976
1818
8831
404
5990
6682
9140
7737
6942
3145
747
7277
466
4639
2630
6797
2776
8067
8210
8578
4602
6991
8979
7238
7331
1886
6558
7116
6631
2297
2750
1395
3111
5005
1873
6901
7758
1585
6933
9057
700
9136
1984
3537
4921
9800
1063
425
5545
5377
9287
6184
4267
7814
6571
4670
2530
5396
5556
7141
1837
3920
5234
4501
864
9713
4813
3985
1935
1832
4575
889
5061
8788
1383
7742
4243
4702
7391
8792
9981
5788
8787
2001
3910
2821
9859
5450
2319
9232
8794
7192
3621
4064
5133
478
3089
2078
272
870
2768
3784
4345
3700
5807
2531
1321
8035
6158
1428
3832
7517
9408
5243
4486
3199
3712
5188
2811
3190
3938
7885
485
5646
6604
8536
6753
4912
1397
7597
9462
7873
5477
7443
3809
3957
824
7406
386
5815
6231
1779
4777
1784
6065
4975
398
6635
5042
378
7066
9808
299
9596
5496
348
4876
1299
9834
2759
3971
999
7935
6969
7175
1012
3990
7342
8227
5075
7810
2515
1314
9951
3924
756
7133
3257
5428
3060
9290
9498
3541
7043
5299
3512
5782
5647
2035
1862
1621
9804
6549
6385
6627
9251
8072
9779
4110
1678
3959
209
6345
9567
722
2201
4296
2467
5169
559
5336
214
7144
6429
8892
5965
5432
2333
6550
2693
9668
956
5474
4724
633
3980
3761
9598
9459
1323
2802
6838
5273
4526
3459
286
4662
8145
992
652
7722
4767
3720
3960
8718
6190
1333
993
6045
288
801
3203
7692
3578
4677
3582
733
217
6043
3002
9914
9330
5979
9135
5586
3397
7353
5922
271
1711
5894
1338
9888
8144
251
4147
9947
1878
3925
4562
8431
3967
2090
3743
5568
712
6574
4079
3750
1579
395
607
910
9683
207
4280
1156
1274
4571
5289
8493
9365
1335
9268
694
3421
62
8778
3046
6637
9341
2254
9348
1534
6928
1898
7117
1020
9318
3100
7777
8330
9372
433
8545
3137
5203
240
6236
868
241
5536
9898
7834
8335
7552
7450
2891
5367
7041
6554
1251
4968
2491
9853
6699
7859
6914
5344
5577
2604
2138
191
3691
1194
4836
1934
5271
7031
9687
567
2381
3977
646
627
7592
6290
5500
6696
6854
583
5927
502
463
8748
3930
6119
2077
3119
3439
7915
9805
9051
6671
731
5968
2019
8196
2775
2453
6568
4404
5352
1770
4617
4754
4027
5291
9021
3321
8343
6800
5642
7298
9252
8292
6232
1459
2215
4289
8268
4212
5414
2364
5660
7134
9541
8326
5711
8229
520
4806
6849
7972
2999
1507
9192
5947
3731
2940
584
6036
3454
5887
5858
5120
1753
6098
9335
4534
521
5830
4219
3994
4063
7378
8354
6685
7845
2363
7282
8639
4103
4838
609
5028
7319
5565
8757
247
2625
1097
7581
7892
5728
6274
3726
2954
5395
1078
3939
2598
5148
7644
3314
6678
3453
5831
6817
808
9169
1865
3073
5613
8446
6303
9500
83
3366
6229
5580
8673
4305
9437
3595
5329
6596
1332
9959
5129
6271
4565
6759
1300
2469
360
2888
4920
2369
3254
7572
1916
1452
3348
8314
237
3787
6266
6378
2395
2353
8632
2551
3492
4735
3481
1503
1609
6492
1628
9368
1285
7499
7831
6320
951
5794
4270
7880
1883
1777
1136
8977
7071
3030
6885
7266
2541
2915
2958
2614
6698
6727
2233
7689
3283
5039
6008
322
1263
8187
4257
3668
4893
1857
2017
8447
3565
4772
9957
6215
6578
155
6804
4736
3981
4431
6906
4151
5164
1336
2320
4959
4531
6365
8102
170
2342
7003
8964
9216
9324
2519
1943
7713
4234
8426
5934
6939
1118
1474
2231
5130
8118
9018
8071
8643
4069
8321
7403
9736
1205
873
7
4172
523
2175
5960
857
2825
7851
9777
4862
275
7723
2110
5031
6389
8918
2021
7170
4394
5018
8440
8076
2863
1803
5364
3131
9362
7750
7957
3783
4671
7248
1698
9321
6261
8538
5135
1183
8847
8593
6156
4384
199
2409
5253
819
9454
5285
6837
5623
1380
1547
9585
8105
9460
623
2198
2587
9610
4250
9760
5320
4559
8772
3359
6997
1112
438
9857
6454
8132
9249
3273
1005
7202
7157
5229
9113
4389
8029
3172
9579
8990
8944
6321
3353
6284
242
6545
1025
1107
7174
7296
8319
2826
7669
6864
7712
3304
4778
7979
8291
9122
8115
3286
7444
2763
1743
1596
4826
3906
4786
2054
3966
8596
805
5972
2777
4509
6414
2518
8648
5193
3482
1096
1747
267
1483
4108
9391
1264
8989
9603
4313
7102
1611
4251
7506
8732
9913
6986
5351
4506
3575
3865
3880
6630
1828
8109
8636
427
1037
8816
5826
7148
2572
9088
7362
4382
5419
540
7127
1438
3281
6319
5786
1353
6238
3779
3746
9274
57
494
5982
8543
6225
7944
9297
9235
4432
1455
5030
5472
4895
2807
4699
9656
5682
1178
689
5698
420
2817
1497
7427
7588
8719
5619
6826
3153
284
5945
5670
8783
6392
5122
9679
103
9485
5743
3933
7883
4663
274
8378
9669
7014
708
8660
1689
5157
6485
1764
5560
1942
9680
6815
886
8549
7665
4200
4315
3623
7799
8556
2040
788
7304
3057
2164
3570
1601
2835
8843
8482
7949
8685
5956
8581
1441
1814
9813
7942
5578
2114
1527
4859
6531
7475
6166
2688
5846
8019
7586
8915
4142
8168
8407
7818
4769
6816
2335
2492
1680
6563
2886
445
3822
1387
8830
5942
9306
2247
1217
5717
7634
3657
5762
6569
2031
5772
4572
4174
6427
2516
2036
1375
7534
6134
6318
1508
8081
1344
8333
3031
2506
3778
8481
7476
4041
9027
417
8086
5326
8419
3692
1594
6501
222
6736
4947
9026
1692
230
6326
6665
5673
1854
5011
7165
6893
9806
7061
9843
5283
4819
7564
6579
2240
1980
9768
9121
5281
2433
5722
5278
2379
3992
6638
6875
3430
9316
7376
7163
4119
9540
921
1544
4146
9475
2918
519
4734
8147
9935
8672
3094
1595
7201
616
5890
7110
5434
605
6966
9141
2420
5162
9632
6655
5949
4985
2906
9747
3619
8195
9588
6626
740
5083
7006
4326
4415
9480
6553
7590
6496
9148
1386
1150
1144
6109
6857
8704
6931
745
8436
9416
52
773
4258
7857
5884
9345
7757
3513
579
7356
5822
919
9897
8826
4871
5584
904
2413
8386
9755
3202
599
391
6484
7064
8617
7224
1509
4783
4847
8208
3036
867
6227
6472
1793
9132
5699
8188
8807
3014
2533
345
8856
1549
9880
4523
5863
3561
9820
4865
2209
1782
807
5754
1638
7419
400
8805
4980
5952
1926
6795
1272
8248
9977
4294
4965
7717
3651
5502
1974
8454
4205
2526
5746
2166
331
1669
8808
5522
71
8735
1008
2083
4841
5175
4282
7451
906
8098
8612
9438
9571
7033
8480
7483
4889
709
6002
8237
1683
5691
1155
3585
2239
4116
6704
6097
1116
5059
2856
874
4495
901
8784
3515
9160
6434
8731
7299
492
434
255
6092
8270
2869
5233
4644
6023
7994
3835
1612
3572
7655
2675
4347
6188
1463
9214
4899
2012
9099
4208
6946
8524
6294
5355
2324
3355
2624
4845
9017
2505
4040
1684
3737
4195
7576
7438
5513
2574
4309
4768
8219
5123
5808
7638
5207
2727
4983
8507
5437
9311
9127
4590
2982
8950
4170
3661
8491
9296
5671
37
5905
3334
4972
5991
6934
1978
7408
3551
5543
1170
2476
2148
9370
4981
409
9294
4690
3469
3390
3465
8463
6716
6444
3589
4155
2100
2679
6936
2705
2232
3233
3535
1726
6788
6157
7100
9835
189
3069
7747
4043
6871
6761
8259
7611
7976
2746
2540
2754
3289
5439
6355
2924
7425
7895
5000
7379
7773
7227
7132
8516
6186
2706
5125
6728
8686
5974
2358
7210
403
2718
357
2998
7268
5415
3150
4686
3491
9867
8494
7123
1851
9992
5146
8111
555
164
172
3648
6967
2579
9463
5274
6592
9823
3405
5404
5178
595
4405
9893
1235
3820
6439
3003
2575
3988
1077
6921
4782
5881
9634
3070
5491
8203
1043
216
5892
9604
576
3398
7736
688
7501
7697
4587
8474
7836
1797
562
8873
6870
3982
7952
8489
9060
6069
7393
8678
1804
9559
6250
1098
525
7005
8313
8083
1044
3562
5897
6908
7120
384
1273
6457
7733
4441
5269
7417
3699
5166
1959
2546
9019
9639
829
5417
72
3755
2039
5372
1885
6556
9323
5889
3170
8587
8554
9998
8108
3462
3248
4831
3837
5074
3742
4497
8553
9104
2555
7246
4867
1633
6147
5628
3724
4558
7185
2892
9004
2512
9891
1351
7970
7530
3194
7191
293
1302
9204
4520
9530
1530
8084
2583
4794
2354
1521
2178
8890
7236
8933
7313
5348
7091
8618
221
2893
4676
4700
3184
6379
261
5308
9784
9539
9234
9648
2311
8763
1569
5604
1228
9681
6894
9767
9860
7560
1642
1951
9385
4361
5517
2415
1757
7261
6645
9575
5935
2695
4910
9218
5777
2846
1192
3216
6291
1923
7420
4349
7458
7565
4752
1328
6391
5186
9646
3475
4159
7087
6230
9665
29
4366
8728
248
7121
3108
8499
6032
5127
154
636
6206
8444
6925
4542
3081
2065
9509
2213
9819
5412
725
5471
3759
6447
7682
96
5571
7213
2585
2117
5494
5681
1468
811
6333
1378
5864
6734
6983
7205
1703
6455
4204
3307
5368
8874
972
3592
9890
3149
7446
6511
1512
1135
7526
6909
3693
8868
3148
6432
9593
9973
5458
1476
8020
967
75
7524
1239
1068
8782
7373
860
8058
1409
7554
3196
7221
7997
6830
447
4721
5324
6153
8537
1729
9449
3293
8080
9303
9620
30
665
4761
9929
4048
2713
1928
2513
9147
8705
9881
1356
812
6962
4463
2462
9074
5836
2663
4851
194
4809
9436
4823
936
619
337
3016
6845
3771
6984
390
167
4637
2470
6766
9752
7511
4238
6248
7239
5463
3864
1444
8509
5113
6142
1052
9190
6358
9184
828
7657
1368
5034
176
2278
1714
4229
6633
7696
6872
3968
7631
997
6074
2154
6924
4982
5239
6372
9101
204
1972
551
4411
6878
5920
3995
8790
1095
5128
4897
2606
1346
1374
8323
142
6176
2280
9508
6095
4354
2066
4074
2839
3062
9879
6409
4866
8280
4330
3154
1197
1281
4372
5715
3113
1566
8872
4984
2043
4009
6570
4963
9587
3757
6394
8542
5098
764
6519
5748
1894
8294
6477
8231
5747
3612
4358
5729
1525
9553
8094
8803
3926
9452
7473
3018
9025
5468
5369
1763
5799
4143
3830
2451
130
8862
9065
5928
6322
8271
4286
1036
81
7377
6646
7608
8568
5106
8512
5929
769
3232
3068
3909
2203
1740
8221
3891
9915
3672
9384
185
6884
2456
7874
5394
65
2049
7063
4471
9790
1532
3448
923
4487
2444
2246
5874
8054
3520
7211
2806
6861
330
5387
3164
5025
8430
6848
4132
9743
8852
3530
2872
2236
1220
766
9079
5834
3461
111
3083
7367
2472
1054
5436
1021
7642
1450
6641
1632
4902
527
5381
2047
7180
2276
4348
6602
852
3488
6802
3798
3218
8941
2490
3319
9901
7145
8717
4211
3080
9704
9964
6866
7721
7442
1969
8526
6281
1502
2180
2941
4028
3857
7089
580
7254
5376
748
4498
63
2127
5222
6256
9390
8949
5712
2757
7217
1056
4158
4075
6297
1658
6855
1244
7505
1849
737
9785
893
7035
2580
8275
195
1373
2709
4453
7980
8994
7026
3571
2612
5407
9718
2590
8963
6577
6033
4053
1511
9664
3368
2871
4797
4470
6462
1908
996
6296
5088
7159
6949
6480
917
6307
515
1429
20
5062
8690
3498
3486
7358
7690
9863
9435
7591
7984
9958
7250
854
4231
5796
6850
2745
1841
1240
4973
8700
2208
8669
3365
8764
4737
2923
4092
3403
1932
9158
5926
361
2037
3377
5966
4904
2828
12
5865
5562
577
6139
1437
3225
6383
4148
3371
4301
1867
1364
120
6663
1907
2738
2242
2938
5684
3327
7837
3884
9934
5708
2479
647
7172
7718
6803
2261
6452
9146
6902
9812
7490
8439
8993
1074
9120
6317
793
1910
8580
5732
5653
715
3550
2648
7528
5292
4879
3067
7055
794
5026
4681
9246
5507
7716
359
8997
6765
5240
2771
6607
8812
5313
5955
8205
4943
8750
1238
9153
7103
2172
810
571
5006
423
4249
5172
3041
7171
1624
3162
9482
6217
7488
2147
8405
7760
2666
5212
3567
9742
5585
8600
7903
343
771
2576
9948
1643
1140
7520
7426
6212
8756
4667
6688
6059
6283
469
2503
2592
5655
6189
6628
5224
9797
6747
3913
6464
2386
4356
2721
9263
5769
582
6116
3021
1199
2149
8089
3841
4065
482
6584
8467
9968
4046
2097
4503
5971
9937
3842
6249
5900
8974
9833
3038
4742
7580
4308
1035
3433
3519
8082
2188
1431
6713
7906
9547
7027
9393
6950
615
7385
8015
2143
467
4974
4929
692
9473
587
3418
875
5626
7703
3175
4656
9161
6731
5370
4718
6179
8348
3927
7273
3725
6709
5943
8652
6824
4555
7615
6350
6708
5661
2959
1226
3900
821
741
7532
7258
5349
6690
5497
6226
5656
5022
1619
3201
2004
8004
6617
512
7435
9276
2099
5080
43
6078
2427
2536
3391
2228
8626
6498
9965
1826
1731
5598
9921
5251
5736
7684
608
6919
6653
5612
6463
786
8478
543
3059
9979
6877
8762
3411
8610
1901
2883
953
9394
9552
6171
8492
1310
371
3015
3932
746
5010
8844
5719
6534
8687
4989
4765
8532
1528
1660
2937
6998
4115
7800
4135
7902
3858
2647
23
4067
3082
8922
9615
6846
3477
3730
6706
3954
475
3290
6377
7040
6524
8911
3152
7067
183
7392
3165
3020
9043
8456
3092
640
2881
6836
2596
1941
4825
7641
5371
9586
3252
9441
2994
8834
5528
471
2454
5774
5911
9984
9170
7740
5574
1225
1479
8942
1694
6475
8738
4685
3132
820
3437
3974
5139
8252
4964
3851
2804
8328
8931
5423
8876
3267
2788
8505
3220
3772
2023
6551
9332
3507
2631
1675
5546
7616
213
9379
7498
5800
1810
8189
734
1342
2812
2539
8373
4822
5590
3944
9666
2632
9171
7001
6169
4376
9969
4101
5346
227
3163
4996
2285
8288
6419
6907
7886
2404
2834
4723
2130
7884
799
5895
5004
9350
9534
2255
3702
2287
8771
3341
3151
666
1552
2028
8279
1691
4016
6842
6246
3518
5797
1831
2525
7795
3803
2501
2119
6214
9956
1419
9112
9227
8325
7681
1484
3326
5173
7203
2914
2831
2392
4817
7706
6438
2819
2450
6096
2153
6279
7556
5618
4779
9417
3611
9600
2269
8112
5861
2678
3961
5179
9771
4339
5279
9514
2161
473
9047
2403
2890
3297
1956
8336
6608
2502
9220
3198
6981
8877
4820
621
3381
7782
6173
806
3553
7519
7660
1401
9189
1230
3500
888
500
9356
4271
6938
2724
6539
4222
8059
8742
3602
7324
8128
7559
7394
2417
5013
4563
7290
3426
8207
6964
3128
8342
2131
1580
5418
4494
8605
7178
4885
3072
5512
5850
6785
1541
8588
147
3812
3912
8945
9918
9991
8527
1416
7789
5886
9996
5267
7609
1381
9376
9741
2125
7287
1718
2949
4631
1821
9899
7890
955
6732
545
4516
4425
2234
3250
9409
1783
9889
6575
8153
8659
872
1697
2983
8548
4032
224
9607
152
193
5335
1960
1966
1787
3505
4439
7344
2739
1370
3714
4320
884
6959
4525
6863
3340
1933
2717
5072
7640
1249
6784
1597
9426
5071
8048
1786
4792
2764
818
7421
8815
791
9754
6763
3671
8867
1950
4080
8622
9750
9281
1062
7395
8036
2446
2416
639
153
1791
6882
5644
9815
6573
6243
3916
9402
7755
9293
5276
7088
8090
1963
1307
2104
3361
5767
2956
2791
2306
2930
4018
585
6420
3308
7830
412
6300
9334
5252
6029
1345
5820
714
2755
1785
8261
3485
1201
3816
2885
9289
2608
9684
4743
6024
2389
2271
7598
971
8629
3123
9724
490
6778
506
9625
9191
7659
8525
3882
5470
290
522
843
1997
2214
7453
6832
7622
7828
7219
6415
9327
6178
2221
7255
4017
7279
3831
2005
4165
8379
4931
5002
2092
6051
8260
5970
9203
5640
3417
7931
7341
31
6329
220
4213
9222
8269
4333
596
9719
4218
7965
1004
9420
2466
8528
1177
8044
3224
5663
1776
3875
6172
1466
9706
5445
2867
6500
229
3389
5483
7686
6057
6101
9279
8517
4446
2611
4726
1277
6809
2992
8327
5833
3296
2700
6835
99
8828
880
8666
9654
253
3707
8273
2457
6366
8284
4944
7074
1774
2895
9594
6353
2854
994
5877
6807
5384
1069
385
109
3886
1853
3552
4955
8613
2348
6515
1279
7992
3818
8920
1139
2864
9145
1902
2343
5523
8786
2629
4818
667
4030
7295
4265
6050
4994
4266
2623
1896
1662
8978
2564
6722
7594
9069
8760
1607
9520
6129
9802
6260
1996
8972
1377
2565
1735
9548
5406
2029
9156
9488
9995
2586
9861
4191
7535
3887
1326
6323
5938
8483
3805
7518
2926
4747
2664
8124
3769
6149
1990
4908
735
6136
9054
1704
8736
1248
3763
1543
9772
7993
2362
6725
8952
4473
2955
2545
6440
851
4857
2903
8865
8602
6536
9714
7548
8393
1340
4279
7769
7485
4391
1986
5534
6923
8781
8370
9045
6586
3255
7971
4517
3775
7629
4086
9883
8429
7537
1808
5932
9916
9050
3736
2391
7847
4293
5832
2740
8707
5156
5402
8907
4056
2396
2044
3627
4054
7567
8720
9231
6512
7332
8515
8739
7387
8908
5200
5532
1232
797
6828
1490
1685
8155
6700
2985
4373
1014
8564
5467
5152
2359
4082
7675
5211
3401
642
5208
7329
1992
2773
5332
6401
7015
1586
816
3443
9599
9774
7821
1571
1998
2547
2578
3663
2187
2387
87
8829
2144
9062
2674
2124
3118
1802
1123
9672
3766
2832
4360
5849
2410
1358
5842
6945
9675
1988
3489
7253
4288
7212
7827
4749
8495
8233
5940
4776
866
430
1717
2089
6961
5857
8724
3969
6144
1905
9903
9177
7156
8861
3644
3161
9309
108
2489
4537
4530
8675
3598
2106
836
257
4420
8099
6103
3370
5288
4324
3664
5547
8169
8857
9733
603
1863
1114
6127
4773
6244
9111
6369
9661
1461
3310
7867
2761
1765
6567
5424
7054
6669
6818
381
6565
6886
192
4085
9570
3876
9569
7801
9516
5827
4414
6718
3104
6989
4603
7738
4475
4803
6332
9961
9932
497
9432
2932
3313
3246
2449
827
4810
2337
3012
920
5020
9369
5784
456
3636
3213
8140
4652
2509
3895
649
4553
8471
2737
6068
1927
643
4378
5092
9225
8172
4669
863
6376
4015
8296
4253
2697
6183
4762
8898
6280
8065
9584
3922
7388
8200
7364
2085
980
4235
8012
2785
6019
4725
6662
4622
3478
9862
3107
4344
7468
7226
3352
5751
2000
2814
1618
9789
7068
3998
2710
6594
8357
4744
2743
2991
1652
4916
7249
308
8150
3050
1788
2894
5675
1921
4179
5420
3554
4123
1672
2374
2742
9338
3647
9626
1560
3357
8165
3785
4228
7056
5575
5550
8329
985
5958
2192
6897
7901
9580
1081
6767
3976
8823
9738
930
5893
9022
1513
6611
3694
2146
6012
4483
2728
1766
2660
8469
2594
9005
7357
5154
4422
2880
7973
1985
541
8998
4485
5617
2987
7045
8500
7701
4357
4971
1094
7775
4693
6781
4901
3363
6768
1236
6557
8770
8184
6689
758
3034
6437
4255
3205
1133
2295
7983
3251
1581
3428
4853
8822
9183
6087
9609
5301
7557
7929
6458
3342
4215
2145
8854
377
7479
8879
9040
4112
1385
5309
3681
2866
411
1267
8670
5821
1154
6956
5944
6035
6242
9405
5277
5350
8561
8211
952
8930
6525
9927
4484
7233
4808
8544
9652
4227
2981
6676
7835
7670
8959
3483
8022
5739
7336
4106
1214
3261
9822
1009
9612
8641
7318
8896
8962
4545
4935
574
5823
1546
3406
4978
1424
4029
6141
697
7317
7497
3555
831
3721
9952
1936
6951
4479
3139
6746
3888
8133
7610
8046
88
6001
7529
2366
5290
4042
4153
2121
3285
2393
5287
4304
2349
3053
902
5219
3581
3905
3630
5416
9490
4632
6367
9864
8836
6079
9117
7051
5272
1000
2173
7790
7155
7168
2481
1654
6403
8866
1737
7766
2879
3828
4006
8258
7160
5198
9207
8047
5882
2437
2616
6585
26
8773
3315
4334
1767
1668
9939
4385
6393
4650
287
6659
3019
9036
7698
8936
8767
9486
2205
9504
3687
7589
3594
387
157
6278
6786
4010
7036
3375
334
8242
7842
1551
407
1919
318
9215
3568
1591
3673
4604
6583
4585
8776
9814
6067
8101
9711
3682
8504
8355
6738
9493
7486
4095
1189
9157
8473
2783
7230
7833
3066
3656
6634
6599
6740
1884
2459
8708
8883
7748
5114
2751
8162
5910
2336
3112
7911
7472
3274
7278
8130
2002
6137
6132
7600
7339
1152
9690
1042
729
8385
6977
1280
5070
7683
6985
2969
370
296
5339
6467
5906
4789
443
9623
1469
9990
5050
618
8743
7923
2593
8551
5804
984
8928
897
8745
2805
2402
9211
3279
4492
7981
4346
894
6442
6470
7606
2798
7699
3584
5347
8278
7422
1730
3745
1164
900
4058
9829
5065
3328
3817
8914
113
7551
2543
7595
5914
5137
2609
7153
451
1255
3029
8765
5307
1655
9421
1204
4274
5318
8694
4755
4131
7618
4239
9562
8655
9731
7275
4035
5583
2897
7962
8535
542
7038
961
6900
1298
9447
3490
7958
1920
9129
4467
3247
124
6756
6543
2735
5775
1142
6693
8913
1312
6993
9960
6927
7538
8927
4960
3603
7513
4727
6053
3946
5242
4614
7858
9502
8077
3907
6629
238
2997
2439
6620
7756
4788
4386
8991
6052
4362
8274
1250
9352
5334
929
9817
6210
7281
7354
2184
1028
7732
1086
9944
4452
3186
1422
4352
7702
1800
5009
7374
5891
2769
1762
3157
631
5032
7386
8607
4455
4365
3538
5766
9756
5576
3719
3758
6647
6418
4457
1722
6660
3090
5217
998
1352
9081
1518
915
2919
1440
2230
9686
1134
7464
3642
5723
1537
5554
5480
7626
2909
6025
8832
1670
2163
8986
4550
3373
8519
4118
1750
3780
9176
5650
1825
4482
973
6007
3346
4287
1126
3272
534
9083
931
4341
8614
2013
970
5204
6873
3640
8345
4130
4062
236
5490
8406
3776
1664
8497
4094
7021
2368
5461
5582
795
8582
7767
8418
8775
1223
6603
5763
59
402
6146
9035
1047
4187
9286
9650
4540
2355
8753
470
1435
925
4688
8344
1686
787
8603
9708
1917
5465
7688
7251
9919
1495
4223
7751
749
483
8853
9082
7325
7553
3425
989
4396
3697
3840
5319
5160
1179
6208
1402
7574
3
1111
9154
5570
5035
987
9124
3210
4367
3392
7207
2372
9875
8747
3055
458
9519
6518
9667
9182
7735
2081
4619
6224
2465
9558
38
8177
1210
8635
302
8122
7988
8141
6952
7340
1708
548
767
5752
9526
5429
3965
535
5196
1858
7676
1076
9909
9655
4906
2829
6643
4403
7271
3544
8462
7527
2986
9532
1287
9943
5876
9989
8387
4461
3523
949
4329
4855
8633
8740
2661
8924
3600
6995
8121
9118
637
9824
1982
6081
9515
2139
7691
8148
4799
7850
3028
7092
4979
3160
3056
6422
4872
8910
6566
871
472
3774
7365
1815
2179
3420
8369
3738
5366
1848
9329
3295
7090
663
4044
7549
60
4472
2967
6793
4731
9602
1329
2584
2339
8223
976
3952
5118
5525
9974
5363
1836
4327
186
7536
1389
3464
2974
7423
5862
8079
8855
5871
5126
9185
8599
1382
5977
1820
2206
8202
9373
6126
1319
2701
8267
1710
4716
6941
9396
4443
2962
3235
7078
5487
918
5268
8232
590
8460
9725
4178
363
632
4633
5015
8050
1320
1514
9275
4881
5261
761
724
7668
2686
1583
7098
3608
3748
2340
7158
7466
8858
5783
8697
5041
2025
5750
7774
7382
4316
5917
5442
6791
2511
8397
1847
6276
1561
1087
5089
7613
1940
8714
8833
7007
8518
6528
3528
1975
2307
7280
9865
4434
9938
9340
8085
601
2947
196
1289
4668
558
7288
5460
4262
959
8541
5854
7822
2259
5995
6748
6535
6542
4549
7791
9194
2414
5806
6750
3424
6027
5323
8331
684
5426
8360
6128
9366
4679
5643
7108
4720
8201
5191
7853
5001
8310
3777
5962
8966
6789
1067
9371
2552
1781
6681
9255
9576
276
5903
9505
5793
6978
6056
5735
830
8891
6356
1030
2494
2272
5218
7926
6610
5633
946
5781
1573
3502
9688
9801
7274
8349
9876
1811
4873
9900
4047
2789
4664
9614
4254
9769
1869
6164
1070
3025
1520
572
8646
9283
129
5596
965
3033
7315
3800
1130
3704
5007
5403
848
3892
7664
1604
924
4630
7658
9762
9456
441
2237
6450
2527
9955
4005
8025
4548
320
8212
9628
4682
3526
7125
4105
5153
511
4780
5672
7768
78
3402
1550
1065
7877
4284
939
6387
798
4884
8932
5310
3075
6160
1180
1498
6529
1903
855
319
3037
8392
8584
612
8929
7999
4061
4183
8937
6341
7632
9162
1306
3008
2823
4774
7232
139
1987
9174
5950
644
4608
1616
9546
1278
9549
5138
3124
8591
4811
7267
539
6782
3240
5961
8654
9701
6064
9080
5634
7707
7307
7196
1305
4674
2548
5544
6009
3956
1396
4423
3860
1576
4436
1640
9361
6801
8276
8166
9364
1801
7208
822
5373
9778
1003
1108
3675
5745
4937
5515
679
3963
8266
4412
453
4651
5149
8241
9715
9642
1172
4149
1171
1132
6348
2820
2440
7543
9568
2753
638
9495
3317
3999
5280
6910
3503
861
6112
4598
4290
8909
8408
5753
1407
5378
8049
693
2313
9911
406
8041
9471
1391
6614
2731
8113
2744
7866
9563
8801
3539
8380
9389
408
8075
1981
9349
9622
6622
2056
8037
645
6656
1839
9479
4477
9
9556
7119
7085
9360
4934
462
4796
3863
4013
4395
2332
1231
3302
6636
1292
8716
4518
8754
518
8040
1615
9846
8848
2668
7960
7216
4655
4738
3088
7953
5869
1357
2522
5591
4557
6507
8880
3666
6218
2658
9315
419
678
4840
9271
7198
7509
51
6555
778
1245
4514
3797
4740
4052
8889
7306
4524
950
8827
3385
4950
8777
895
8625
9467
4109
8968
3652
8341
7128
962
2325
7762
6433
1634
5365
4166
9260
5992
2088
6692
1073
4409
239
2939
3467
3754
2468
2842
2767
7728
9228
5401
9280
9902
6651
1850
3382
1893
7819
9282
826
3416
9003
3665
2878
2557
4593
5636
2408
606
3499
3576
5555
5816
8272
3678
9710
8951
661
2014
7062
2331
3115
2689
7954
2868
9735
1478
6310
9659
6473
6552
8414
5809
1677
8939
7111
6021
1889
1613
5709
6125
6202
1016
4888
8154
4303
2934
6530
7215
7106
7452
3084
9399
8902
2570
2186
5258
2073
340
6292
9872
9440
8810
7492
6562
4692
4024
5679
5734
9067
9987
2016
6891
8032
4031
4091
3670
4596
4093
3000
6544
4007
2229
2210
4037
1436
2853
8665
9765
1504
1876
5246
1548
5683
5177
1833
7194
1946
7013
8943
7487
4659
9842
5713
4493
9705
785
5601
7297
3187
4020
2673
5685
2093
1958
1146
1977
6915
7244
3387
2936
5221
554
8934
9256
5996
9624
7844
3284
2367
5503
8533
2725
3463
2009
3790
6499
2559
7725
1023
5449
6992
7731
8257
7897
5303
8167
3077
9640
7816
9198
6812
2858
1022
4621
9787
2837
8819
4958
6159
613
7018
1671
9591
2116
5286
8976
5805
7585
8657
6533
5341
9786
5973
9884
7300
723
5052
8215
7882
1866
2645
2015
3653
1188
9333
7218
8982
3188
1185
2071
7792
7025
4626
8226
3845
350
8063
6666
4675
5645
878
289
2109
9803
8394
2061
7947
9423
9536
1843
6852
4856
9674
3472
2168
9010
6521
2655
8353
9994
9527
4643
3958
1430
3874
3412
4390
2170
6193
5516
1423
6364
6605
159
9608
5665
2569
7870
3468
5873
8594
4922
7437
3972
4581
898
9247
6973
7454
9993
8755
7330
7166
7787
8303
5040
6825
8282
4399
1080
8683
8733
760
1533
8016
5086
2471
3063
3245
3409
1852
6843
8627
7550
9561
9172
3646
1506
6510
7114
6263
3451
8488
7577
2167
8453
988
2975
1962
9694
2226
141
7720
2722
2882
7079
3207
850
3806
3051
1608
6527
7745
7228
1084
6253
8957
7968
6421
3557
681
4133
9103
6013
5567
9531
6386
4890
9302
3264
6770
4878
5725
4997
5674
5055
8995
2165
9476
8244
9882
2435
1796
5486
1674
7272
1088
7779
7705
9503
235
8302
1128
5473
6335
1754
3456
5085
5703
8973
8390
166
2908
9451
5337
7169
3620
5930
6487
1388
9649
218
6247
9721
215
8662
6152
4201
2618
6670
5485
8422
7544
8293
8710
138
6742
7891
6273
1491
7700
5241
4194
7746
1887
6138
3243
7934
4641
6999
6443
9446
7726
2135
8245
8290
9100
8583
476
7024
2288
8723
6548
3364
6860
3709
2328
8056
1149
1870
8992
4226
3814
2326
2925
7286
3846
8571
3049
3964
8120
7862
1258
6799
7504
315
6368
313
6077
4104
6170
8311
8427
5353
732
8887
3931
2862
6509
5443
2560
763
5342
6080
4137
3781
4666
5230
8637
2843
128
8558
8671
6075
7913
49
7587
4795
1237
3393
8216
4019
783
7077
9483
8377
8459
7183
9554
7593
8769
2006
5447
3054
1216
7985
5393
739
3215
6327
2950
4397
5561
3208
8946
8175
1127
1868
6083
6255
5410
8674
9151
8696
6541
7424
8127
9243
8470
9513
3189
7843
1222
1700
250
877
907
4285
3349
1792
233
4732
1092
3591
9924
578
4976
659
2899
4564
1709
9757
7118
9236
1355
8689
7407
2060
4635
4474
2507
3899
1168
8000
452
7436
966
2388
9089
5302
382
5828
7189
4911
2619
3903
9954
9985
5600
7265
9301
570
4854
1102
5587
3324
6526
8052
9273
5147
4387
550
1623
2385
9871
6174
5180
4898
5174
1187
2523
4089
1458
6913
2928
9474
7839
7575
3947
5998
3192
6346
2411
5563
1260
8501
4444
9096
6488
4919
6459
5526
8213
5908
593
6751
8356
7584
6720
358
5811
1412
4827
6076
1167
4375
4967
7754
3239
8014
2190
3869
2676
9126
5184
5440
4951
317
3026
8449
938
1439
6299
3032
4388
8917
8451
1369
9213
6760
1519
5232
6810
2399
8620
4940
657
4242
1304
110
6381
8088
256
2653
3344
3234
1182
8026
6026
3005
414
310
7932
5317
5357
3236
8565
6679
3770
8894
2383
4568
6347
8185
5325
1587
823
5514
3455
9086
399
7893
9537
7855
8592
711
5899
2787
5300
1739
6520
2634
6743
8577
3543
477
8540
6038
5741
4096
2279
2621
5245
2412
675
589
4209
4126
9816
2123
3222
1705
5688
4230
8859
7623
6988
2907
1651
720
4342
9244
8623
8182
3914
3667
8702
2220
5765
5768
1451
5305
9071
744
6011
5627
6286
6588
6869
7661
7838
8191
6721
5382
8008
2554
3717
3010
2308
8064
7969
8589
2176
5314
3300
9917
804
1614
28
3429
4504
2870
8095
7009
7635
2235
4592
3559
1938
1790
6108
5379
1113
3432
3009
3660
8142
3078
1213
8970
7868
9657
2622
9726
457
7940
4325
2707
8496
9637
4171
6881
6466
149
9277
8376
5298
981
713
3305
3228
5720
9850
4539
7719
3596
1567
1733
1999
6085
6582
1027
2591
1117
9971
6062
4578
4533
3442
8871
180
1953
7247
1482
80
7562
6667
8693
4868
4584
8432
329
4400
9063
1241
7724
9619
9751
6741
1038
5602
7139
136
7418
4322
7808
6359
2810
9167
8849
7630
4869
4691
8289
1121
8096
1053
4886
5925
8567
6899
8160
4181
4683
6339
7796
9611
1535
9077
5328
3522
1115
1148
9572
1965
982
504
2487
6325
3689
2038
5988
8214
5677
5553
7605
1748
885
279
568
658
3847
3686
8824
3739
9134
8400
3204
3174
3674
4168
2443
7130
7910
9645
2245
8455
9358
7494
7961
5558
3372
4887
5669
9322
144
9308
4161
3214
2588
8457
5421
1855
5649
1827
2086
6185
5760
5541
9962
5327
4021
3768
6044
2474
2558
4729
2382
3654
140
8388
7333
114
662
9038
3643
7082
1
6777
6022
9008
4696
8225
6396
691
3896
2496
1577
9388
3911
3494
1048
5103
6672
202
3940
8171
2423
9180
5791
48
9732
1445
7503
8320
5195
1354
2865
3741
3260
9357
1610
5411
3379
5518
4711
6616
5946
89
1564
6769
8337
1327
9106
6478
8404
6222
6047
3045
1234
9087
2784
295
2691
7652
3579
98
383
5749
4892
3890
4970
6865
2901
6613
2068
1751
1900
3362
4839
7397
1284
9461
2314
9278
5599
505
6711
1363
6822
4952
4620
9465
3799
2497
2421
6306
9662
7620
8435
5433
6581
4828
3221
5235
1270
9115
2098
2670
4846
79
2875
7052
7521
8539
5814
8813
937
309
4098
3323
4552
4606
4206
5475
8410
3951
5170
1157
6161
1129
1083
6304
9920
2211
8800
4798
68
9925
1290
459
9098
4163
3329
8901
1447
5510
3096
8420
1682
6505
7704
1554
6061
5045
9581
2799
7803
5014
3773
9431
6054
4771
8863
4957
8663
394
3801
6737
4012
491
8621
4915
8093
346
9014
2644
3715
9478
3508
17
726
6840
8181
5360
3436
5110
6411
6729
6975
4207
8030
9119
696
2428
4113
1925
2356
1602
5852
6943
8983
4450
7401
4597
3452
7512
9635
7916
6199
7480
173
4536
5524
8585
5742
2534
2562
5915
6275
8725
9229
5047
4570
8417
2360
3219
3291
4060
4508
6965
4428
2455
9223
7978
770
4986
5408
9257
4008
9347
4114
1334
1024
8250
5710
7951
6916
4923
3023
3908
6397
6084
4722
7257
7770
182
2063
9377
6175
5003
1104
8066
5883
5680
3129
2683
2809
9254
6503
4328
5076
7109
7094
8043
5714
4909
352
8619
36
9240
2963
4152
6305
1253
116
9643
4033
8131
3493
4665
1283
1193
8472
2607
7749
7237
3536
7399
112
61
1568
7861
8573
3466
5597
6831
2296
736
7555
9344
2136
7190
1540
3792
7982
263
7500
1798
6814
7685
2488
18
121
882
561
9746
101
1211
2665
1480
8475
6302
757
4594
5818
2059
8277
9693
8996
8529
5744
3802
2766
3634
690
911
9685
4264
565
3071
7350
5096
6465
7023
9468
4649
933
8178
2087
837
7107
8546
3278
4875
5102
1033
4125
6431
5662
2181
591
1924
8842
474
934
9392
2988
6213
7462
2970
8073
5469
3690
9975
3936
7933
2993
4232
2642
9792
2544
7987
7871
4196
146
3534
560
2671
8254
6650
3383
630
9307
7601
8679
1057
6209
4140
5078
9858
4787
5529
7445
1295
1106
4276
8070
6344
9592
7739
3458
5624
6111
8882
291
7104
9908
6264
9367
557
978
2045
9511
6351
4990
3487
3533
7820
536
1844
4660
314
2120
668
2617
9000
8304
8247
5163
3074
9518
9673
703
1523
5508
5678
3740
6868
7263
4646
4713
5609
6399
7260
2212
2051
8572
2448
6719
4573
8779
1317
1641
5866
5466
4766
86
3794
9202
4049
5311
5244
9838
2765
614
5214
5168
8107
598
8464
4852
3434
5520
2129
4629
3268
6060
8971
5581
5057
7361
2199
7360
4695
7908
42
300
1224
8638
9066
8579
7879
356
4628
4197
4883
374
5638
9734
339
6436
3311
3440
9464
4127
7714
1400
1489
7710
4182
5896
5192
1477
1914
2904
3795
1475
24
8174
2084
1646
4502
2957
3231
2917
107
9429
5936
9195
2274
1472
278
6827
8134
35
5391
7069
7095
9922
1061
6674
8381
6374
6270
1110
2263
1243
9621
3649
6673
7650
2042
3144
1780
7305
5456
7679
5572
6970
5056
7941
9670
4733
5051
9130
7060
2942
32
7083
9024
5206
8650
249
8375
4491
2030
671
3639
5916
5756
3226
5190
3312
91
6456
5296
1556
2566
4969
7507
4014
2499
450
1361
3659
4658
825
9029
698
6918
9472
8468
4991
7370
5427
5785
4844
4751
2222
7188
4529
6532
2714
1715
9428
3917
5354
2912
1209
7869
2033
3193
8198
353
8010
5023
8315
8206
7654
7310
281
9557
9085
7415
2102
311
2475
6016
1341
7545
926
7806
4634
465
1592
4706
9595
9770
3097
1174
5706
1635
9613
1912
9538
6469
9291
5111
7124
8912
575
2091
4697
7583
7680
3061
3047
2373
4454
8448
1724
5549
2600
45
1529
7561
7939
5054
3722
5107
5837
2111
7743
2922
4460
4311
8060
448
517
9759
2142
7975
8078
9638
3574
6082
6031
2778
3156
2298
1075
7633
1993
7334
670
3173
3064
2105
8506
7786
3110
1286
7256
8163
4938
4248
1039
6221
1755
2813
9237
2563
5340
5064
4684
6102
2595
8119
3848
9828
6494
8711
5686
3298
6298
9972
2257
8092
6733
8513
7865
9181
9110
8761
3637
3299
3728
3996
9869
7656
4770
7624
325
2438
2461
4077
6388
1939
1522
307
9209
1051
3610
7075
9239
2294
9980
8371
9020
8576
8170
7540
1598
5620
7729
2965
5924
7369
7811
9866
2118
7496
3852
5501
5024
8045
7204
2473
4124
8364
4834
8146
4607
2898
8981
2057
5622
6135
5112
9163
3179
8218
8955
4554
9305
198
351
4689
6131
2911
4546
5099
9224
9698
5422
7448
1162
1196
2252
4001
1775
7510
9583
324
9374
6461
6268
9923
7907
9618
7390
8281
4451
8523
6887
2656
2944
5918
6780
604
9165
1242
8256
3400
775
6820
268
2748
90
9496
4609
6502
9793
7788
9048
8009
6034
3546
5878
1420
6856
1006
7048
5825
9510
7245
8734
4426
5117
326
4848
9028
4739
3511
7337
5228
415
3288
5131
3638
2478
3388
9107
1404
2716
9292
7301
2605
6772
3271
2793
2351
2050
7921
6451
7539
3760
1055
8220
6504
4167
2193
2500
2070
3287
7898
664
171
9012
4176
56
1297
5654
8802
6564
95
4490
5397
5690
3166
5595
4190
9450
8676
4383
2122
1325
9788
762
6589
1015
3181
3280
849
8947
228
1559
728
832
2195
3445
4948
1031
4926
4198
6316
9380
1630
5641
9749
5780
914
4481
3407
5506
3762
4335
9601
8840
5757
8490
5250
8789
6405
9545
1681
2719
942
8741
4331
3844
7516
8508
6491
2800
1565
9692
1954
6540
4099
6120
4933
7131
7327
2747
3850
6039
3376
5293
6220
3587
8893
3808
3262
2493
4338
7081
9261
7502
2796
2654
5237
5569
7922
342
4260
9825
6200
7673
9707
4136
8881
9102
9933
9963
2303
2685
3011
1434
1259
201
7493
4275
7039
1207
1100
3861
9868
7140
6293
158
8097
6267
9009
4369
3449
5666
3962
5841
8332
1403
282
3928
5761
3333
8956
1018
1690
6680
7259
7284
7741
6757
2712
3380
3531
702
8814
4577
9578
9631
2703
2978
6776
4924
9264
1823
8722
892
7909
5027
5676
7599
8110
1029
7991
2900
5859
7522
1666
8486
132
4791
8298
3027
2424
244
8522
9168
3545
3564
3103
4199
751
9676
2792
899
9512
4858
4860
2659
9830
327
9798
6334
3577
947
1064
4084
9205
2532
3450
2286
7381
8727
258
9164
6874
6853
3679
928
7848
2156
9542
3301
4413
8895
5356
3509
4306
4299
7899
4653
8661
2249
8173
9791
9499
4849
3824
6958
1971
7582
8217
27
1026
2202
9331
9265
3413
5161
5787
3631
9870
2200
6423
6407
6595
6445
5564
8608
8103
5199
6
3396
4532
2702
7316
392
5937
7920
7904
3422
6416
8023
1505
3423
1922
7667
1955
2824
1367
8264
9059
3789
2076
3237
1574
5667
6182
628
8961
373
3035
2638
6342
2816
161
8352
4164
1846
9233
2079
2011
6241
4618
2265
507
544
1725
1089
4730
7096
9298
8485
4824
6623
3529
5648
1175
528
4478
1558
7533
4273
6686
7105
2177
3839
366
957
3918
5094
495
5954
2760
509
5964
50
8967
5868
7495
6787
4672
3206
909
8411
3615
5202
4977
5843
3101
5109
9031
5464
3945
2072
9856
7694
3710
4793
2010
9072
6203
3007
9041
1760
5499
3978
9152
9186
9851
5413
7429
5792
531
1256
7989
1994
5810
800
8653
7937
954
1693
2690
6559
178
9873
4745
2282
7396
7057
9400
6880
5921
9930
9950
3006
6834
2377
5738
9748
9522
1050
2758
6058
958
1417
8797
8159
372
4589
4465
2133
9443
3919
321
8039
817
8428
177
9001
3185
8283
594
8559
7917
5067
7345
6664
1872
3658
9807
4535
8106
5695
9188
7617
2976
5216
2953
5048
2032
6460
8297
8878
9931
4438
7463
1093
5220
1206
4214
5594
9149
2251
5860
2542
6110
7137
3915
3176
2840
4624
8307
8017
7896
7053
6100
912
7432
5621
6088
2786
9037
2174
9419
2730
3597
487
8287
8658
4184
2312
9201
1713
1741
2613
6177
8604
1947
4962
656
7389
3435
7619
879
7905
2627
118
9313
1138
2667
5441
2064
2338
8424
9677
4610
9425
6070
6587
422
8677
1082
9589
6960
841
3171
1756
5779
2877
9221
3270
1661
4715
9070
4913
3872
9076
4678
6216
9983
8362
1645
4392
9837
617
9663
7115
8566
2528
3934
6932
2248
8176
9266
9285
2610
3227
9810
8645
6406
8953
8960
1600
4359
1394
9199
6063
721
903
6228
6211
1109
3744
9095
6980
2553
5238
1384
379
789
4949
5902
7129
2723
2425
7647
8691
8034
2189
7292
5985
759
5452
7804
7010
833
6675
9007
7449
92
7072
9434
7772
8701
9241
3804
655
4406
9326
1970
9208
3786
5839
2316
4433
1734
5358
6417
1348
7995
208
9577
7943
6448
1362
750
9501
6362
162
2538
1457
5140
7076
3309
328
9841
9644
6371
4953
8611
1952
1539
4705
6010
3733
4138
2301
5607
2808
3669
6324
2194
9410
1578
8752
6593
6683
1246
7764
8123
5225
5716
2861
5904
9894
7343
3223
2635
19
3292
165
8975
2711
4547
815
102
5693
2315
6479
5851
3547
2845
7491
5087
9097
5535
5755
2273
7687
444
5073
1976
4340
9660
8846
7784
5812
4059
8383
3885
3410
5282
1915
2910
6974
8251
8799
9179
9337
1049
3953
1899
9582
782
581
2024
4945
7323
3716
1806
927
7016
7930
9795
3212
7294
9678
8398
9466
1824
6037
3622
7380
4576
205
7546
672
7578
529
5029
2431
2445
9300
7945
8875
4364
6168
7840
9354
5136
8358
7314
6198
3114
4336
5987
9878
6695
2074
8238
7029
4277
1877
5616
743
2732
4128
2913
4829
7214
2258
2055
9175
610
7959
6879
9560
2141
413
4758
9691
3040
9517
4469
1696
4582
4173
8766
7602
1657
9758
2344
8706
5270
5707
5259
368
5511
5989
1181
4241
704
6657
397
74
0
6912
7653
1890
5430
264
856
7161
4245
4380
3811
1545
1983
1719
7876
3133
4638
7781
8192
432
5630
1494
7829
9907
7621
6233
2238
8899
1499
8209
7977
2720
7470
6049
3993
4505
8368
2943
3979
6338
6107
3258
259
2132
7662
150
1208
2293
7428
2620
3708
9284
1830
4760
6937
3929
2484
1105
7759
3563
9627
4956
7515
280
3950
9328
9720
4966
2781
341
2945
2639
4233
2262
3446
9193
8399
355
7020
488
1376
1979
2508
6194
680
25
9056
6640
3540
2951
7927
1732
1749
3253
3613
9094
9630
699
3810
9506
2774
3130
3764
1816
6265
706
461
4805
7269
7135
8668
6301
8416
8179
2113
169
1930
5046
1631
6697
4863
7663
5951
389
9317
4574
648
1688
4600
3134
5801
1349
436
5551
1301
9745
3580
4543
3195
8262
1639
265
6601
174
4998
1153
9226
9874
3394
5540
1659
586
5870
283
1481
3662
513
5730
7765
4835
1221
9166
5081
9470
8149
2137
77
7856
2101
2108
5386
8452
4217
3606
6896
333
7441
8068
1166
6792
7571
2795
344
8730
5297
3834
9259
8590
3460
5795
9629
6090
727
3178
2397
39
8334
9406
3367
3013
211
8796
2432
8511
7234
6979
440
4402
7347
1845
2183
5939
6234
1829
5482
1359
4323
2482
4221
3711
2155
1881
7778
1957
6167
6337
4511
8158
8926
4353
9401
6483
526
5495
9093
8074
7359
3718
5236
5077
8864
1017
4708
1071
7242
365
4942
7225
2818
3685
9717
1159
876
6240
4499
6947
3117
2662
533
6888
421
9845
8680
8684
5171
5635
2726
3209
5872
6844
6497
9299
8240
4055
7878
1842
2458
9988
6606
9761
9359
292
3306
5484
4812
7727
127
9766
1448
5115
8563
9386
3242
5727
1125
3098
6876
8021
7252
3688
1752
7375
2687
7802
3141
7197
1789
297
6619
3336
9616
6094
3873
4680
1421
1582
2281
6609
8395
7285
8547
4078
364
7398
8780
6508
4051
5036
6546
8980
5143
131
8598
1046
3695
9042
6805
6652
5605
5975
203
3431
6237
4240
3836
5566
9269
7854
9418
1667
5855
779
2310
3457
8465
117
6963
8487
3833
254
4707
2464
7351
5589
3495
1161
4709
3838
3294
9904
553
9312
3628
1536
9982
2329
104
9946
9606
8712
5016
9566
6903
4297
4759
7430
5165
7181
5537
8586
6140
6311
4210
7709
1626
323
7363
66
8595
2601
5986
1593
891
1493
4144
9064
7805
1937
3506
2429
1393
738
7402
9128
7049
8350
7986
5383
6413
537
9776
8318
7783
5764
8339
6514
3650
5701
6118
4701
1001
5361
7603
3079
6239
8445
5330
9699
6572
8885
896
4381
9840
5187
7223
2568
489
1465
7293
2384
6808
6493
7478
7563
7028
8715
7761
3889
9314
977
4527
1895
7671
5380
8224
7875
1967
6538
3879
1617
1184
4790
5082
2847
4930
8850
3102
6259
7780
1856
396
4236
6726
8897
1131
943
82
9139
995
9671
4579
4417
9525
33
5017
219
105
7558
335
6661
9764
2964
3607
9084
3791
7093
6285
2571
8372
8649
9430
859
9844
3942
6235
1840
8985
6245
1720
9753
8002
1124
3109
3524
8324
916
6017
8837
8562
168
9455
8820
5304
3085
6040
6133
7416
7579
303
5631
7138
269
2345
4225
1500
3705
597
813
4874
9453
7154
7042
2157
1649
5907
1909
3217
8409
4864
1265
2380
1605
974
1471
7753
9780
2112
9912
2652
2327
9422
4445
6382
5150
4269
4756
7824
2126
5614
4999
1379
7963
8510
1072
8125
4291
3484
7715
8870
9033
6798
2330
2158
6354
1360
2207
6005
2977
4050
8396
5692
429
7439
5689
6370
5509
212
7914
2027
2698
2041
349
3265
7368
7525
4068
4003
1771
2322
3277
776
5610
8476
4023
143
5389
3504
6055
991
5824
9125
6537
5145
2422
4748
4941
6684
3829
2521
842
3614
9343
2960
5521
3843
5538
4636
4928
8139
5724
8884
9016
4814
5116
6703
2134
1695
6752
2225
2699
2277
2646
1120
347
1679
8698
6739
5632
6957
8234
6219
6360
3558
6375
1343
8615
7730
4712
93
1316
4447
5063
6201
2603
7206
3975
2115
5321
4462
2026
4408
1418
9433
9230
2873
1406
7925
1165
5778
6591
6806
2851
2196
9886
9105
7372
4894
1557
1973
7459
6971
1799
9773
486
3263
2887
6187
8751
4802
3356
5838
1768
6495
9799
8007
1415
1629
7164
1309
765
6987
2770
2733
6968
9061
6648
8869
187
1200
7322
7841
2361
2669
802
2933
8351
1059
3497
5740
1151
7881
7752
5770
3241
7152
941
5817
4507
6954
2859
7793
4988
3973
9744
1968
1563
3871
5399
1449
4374
5189
4580
3753
4800
2498
8403
9712
2309
1590
1496
8938
5044
9936
6790
2921
8222
9114
6771
1949
1838
9978
4623
3517
8286
8954
410
3923
4072
369
2682
686
9336
4343
5983
2067
6867
7030
9403
5758
7918
2581
4
6862
5343
4038
1524
3318
4500
8919
5492
2844
730
7815
7928
9457
7531
1486
6428
2191
7352
3549
4437
210
3752
3849
7798
6929
8199
9533
7142
839
514
67
1119
9811
5141
3943
9481
4569
1864
9078
6181
9414
8825
6115
3127
4880
8601
2300
4907
1013
4961
106
2836
862
5263
6904
4175
8502
7383
3177
803
2822
4728
1470
9217
5941
2053
5197
8798
4442
2350
1294
8484
260
3826
1191
2597
1861
9142
8300
4111
1233
7938
1147
388
246
367
6471
1261
9535
13
1198
1058
5
7912
7440
6272
3167
9877
853
510
3325
7150
1454
6755
9439
7431
9133
2256
5176
1904
9053
524
7785
710
9528
945
5142
7900
3473
6730
2150
9319
234
8664
932
7080
6615
4599
8759
7646
9378
8
9728
5446
3106
3855
7302
1944
8999
6705
3275
3122
7643
454
3444
5888
4647
2537
602
1673
905
85
8726
2197
9783
685
3087
8161
4648
8640
54
6204
6071
7569
650
6940
1432
1653
7222
1888
181
3024
865
3521
1066
16
7384
7162
3877
5901
9821
8958
2577
1254
8438
7465
8363
148
5223
869
6883
592
8703
5060
1906
7264
6890
9605
8667
4071
7817
7889
7220
546
119
6380
5731
2549
1145
8005
2931
4757
530
405
6343
2390
9551
9250
1288
3601
6468
3821
6612
1625
8361
5829
7176
4435
8367
4312
9492
9565
8906
9653
7996
2441
2244
1202
285
4995
4318
1315
6841
7523
3496
3703
5848
2321
6086
4661
7666
2204
1897
8682
887
6702
2401
1442
5948
7355
6898
3042
9304
8143
184
4307
7136
8301
8721
4464
6972
5840
7570
9636
2046
2052
7484
3516
266
2896
4714
7187
7101
2636
122
549
9011
2486
7084
6930
3921
4186
418
6046
3419
7008
1562
6384
3629
4918
3345
3825
1879
3386
8308
7744
6014
9015
5615
6710
7070
7186
3138
1728
3732
9887
3747
1322
7283
1701
9709
3360
1252
8935
7863
6398
7649
1308
9722
6104
5264
5331
2260
2376
7289
4561
6644
8069
5957
4566
9006
6926
6851
2227
7607
8316
270
5012
7199
306
8644
1041
4914
6783
1859
2772
2849
1163
8768
3807
4160
1716
6948
7612
1158
4468
3276
9363
8366
8534
7542
8230
8713
9044
2485
5733
9809
3573
5611
3901
4363
9910
2734
8552
1271
2434
4936
7320
1045
8391
7872
6996
847
4332
1948
3135
2152
3330
58
336
2852
9351
2830
7677
5705
620
6277
768
8841
5963
3696
9288
3378
7231
2736
4430
3749
1911
5867
8575
3856
3146
6811
1761
8744
4145
8521
277
4489
8839
2365
2317
2299
7240
552
6441
5425
990
5919
9647
8921
9682
3815
8338
5084
7990
1229
7514
3155
4202
2841
3767
5542
2334
3583
2007
9590
834
9986
1019
1875
125
2082
6254
4117
6352
2684
1542
3605
7195
1738
9090
2857
2995
5260
2517
1293
4102
1007
4903
3249
4379
9839
4087
9574
298
5265
1707
1515
4351
8642
9238
573
2980
641
5091
2219
8609
4157
1122
2602
2302
8116
622
6196
9697
5405
1032
9477
3044
5108
2304
5771
6148
1276
838
5069
1813
5155
9796
6892
2058
3588
8860
2874
2850
7004
1526
2801
5625
5231
3140
8433
5853
9197
8597
7469
777
6122
3676
6313
243
4083
6289
2370
7146
2250
6113
1060
8441
4673
6920
5880
9855
4107
4815
2171
4026
8228
5559
6649
6363
635
969
9651
9945
8437
7489
2480
4746
5049
7763
3586
7037
2952
7627
9270
3017
4900
2815
1627
5552
890
6197
5284
1945
9075
935
84
1090
975
5657
9970
332
5967
4946
1011
2715
1805
1589
8838
5255
3713
2270
7012
4134
1318
7149
3997
8806
8988
3970
5593
7734
481
3560
1212
5481
9716
7413
9966
516
8574
7651
2291
792
4410
5095
4272
9953
479
6165
4429
9550
5519
1712
922
9942
5737
2442
2075
6547
69
9131
9109
7184
8322
6117
6430
5993
8692
2948
1588
9497
9413
9695
2681
2694
4121
600
7948
94
8443
133
1137
9997
1516
1324
4193
8900
2283
401
4203
6020
3282
8402
5134
4616
1414
9178
588
7167
7924
231
5608
4407
9143
3904
2567
4319
9068
145
7059
3471
7002
1995
8851
8630
5606
4169
7243
1426
1773
3004
5694
6955
3022
5375
7477
6953
1350
2305
3259
7011
5548
6576
1257
4615
5438
8498
7648
774
6794
1366
1473
2916
3142
338
9346
9597
2984
4393
301
3303
2946
2573
8616
532
4807
2514
3095
4090
2483
5789
6006
4870
701
6819
2657
1572
4263
9353
2418
2672
73
3121
1365
8804
4100
4350
9210
7794
960
2447
4917
7467
624
3542
2794
6425
5879
4939
2628
5776
5362
6309
5721
5345
3984
8809
5976
9375
3894
8729
6123
3893
4370
8835
4302
6624
3126
2185
6833
2268
9137
5898
5121
6990
3183
6435
5275
9967
2633
3729
1227
9187
1676
6262
1487
2650
8791
5668
538
3853
4216
6390
9491
8818
2430
7936
5909
375
6976
3525
1531
9523
8503
4139
8033
3902
498
3480
3566
8265
7338
3532
6269
2069
9617
625
6373
8520
4801
3868
6858
4567
1913
9487
304
7471
3765
883
2292
8365
4314
1275
9159
1772
4252
431
5079
781
9781
4496
6424
5266
3706
9387
97
4785
6691
1501
2419
439
4480
8948
8709
7086
2708
8151
8904
3048
4821
1467
8135
9150
175
8359
4694
5980
496
7482
7812
9116
4560
5254
3058
2637
2346
1656
3645
1266
1650
6252
6580
197
8100
9885
5819
5209
7894
2966
7405
1339
4039
