22
112
131
57
103
66
178
65
36
85
199
113
60
30
158
74
181
182
178
121
192
149
79
167
173
196
181
40
77
49
125
99
89
172
128
137
7
111
84
81
8
143
84
15
48
152
114
95
179
85
31
127
169
94
155
170
10
9
142
174
150
6
130
20
18
70
107
33
115
22
102
60
166
197
16
77
52
6
15
23
44
47
117
63
195
14
129
172
53
70
136
109
163
123
68
133
159
182
109
72
44
171
179
99
192
169
20
143
61
54
149
128
63
150
190
69
135
161
8
46
72
101
158
160
189
85
6
18
102
197
24
100
82
133
42
155
97
174
53
123
20
179
82
103
127
83
175
27
159
1
9
139
82
20
107
13
128
188
4
117
105
129
50
42
80
118
51
194
110
53
73
152
65
45
138
100
157
109
170
19
65
156
142
193
11
118
68
179
139
160
196
4
19
0
47
151
96
98
3
157
156
172
61
199
136
7
134
123
65
111
129
32
27
31
148
175
195
134
74
131
47
117
166
161
198
175
183
178
138
2
154
12
81
145
3
165
127
69
186
116
199
75
10
70
49
141
18
75
16
184
95
79
132
168
92
187
92
117
114
55
65
140
97
108
193
0
30
53
157
197
52
88
154
60
78
26
94
173
109
183
22
66
41
40
196
121
145
98
46
57
123
147
151
171
163
5
51
101
39
63
85
159
186
150
19
77
147
2
15
34
186
28
86
136
51
36
29
5
191
69
192
112
150
144
184
78
2
39
120
62
126
37
86
37
35
103
29
185
105
13
92
121
119
155
4
152
184
67
180
81
159
29
120
78
100
177
38
12
168
124
58
19
183
33
167
124
135
186
104
53
54
139
70
165
130
35
148
163
49
141
190
32
180
137
9
87
75
51
13
176
171
185
141
190
175
105
17
59
78
13
162
193
58
64
168
125
189
94
20
32
153
114
153
96
25
58
15
165
145
116
148
166
29
46
6
154
104
87
71
63
177
158
94
73
2
68
56
146
156
44
107
88
151
197
98
183
55
147
147
23
113
90
135
6
59
3
121
134
37
66
149
197
178
103
110
22
24
108
120
74
164
13
34
199
162
108
146
1
97
10
95
79
38
90
67
83
64
115
151
156
101
71
176
193
157
106
67
139
166
77
14
124
84
41
18
91
41
132
76
25
131
42
22
39
73
115
28
153
111
104
126
125
76
137
21
194
188
176
102
177
170
149
138
107
153
41
115
91
154
87
38
95
83
112
173
191
50
21
163
189
162
79
31
50
176
33
158
164
88
122
144
89
166
161
14
71
26
113
171
179
95
11
114
96
184
9
76
48
118
98
140
169
190
144
181
167
195
21
132
78
121
174
126
55
60
122
136
73
86
50
7
163
86
64
25
134
187
37
68
98
187
17
135
26
119
116
69
111
116
35
48
118
27
42
31
17
12
129
32
64
127
62
107
161
146
106
155
25
1
162
17
198
49
60
187
58
101
11
150
175
34
16
141
80
167
160
101
191
93
1
184
188
0
194
185
164
76
40
173
152
119
156
80
14
169
43
26
144
112
36
190
21
137
158
181
56
50
56
130
169
45
97
26
12
59
68
39
52
93
192
199
11
194
48
164
192
41
45
160
71
27
54
138
5
183
67
34
102
122
79
161
104
165
84
47
45
114
81
180
23
52
46
40
139
16
23
84
103
96
106
89
142
180
102
85
172
81
4
77
122
61
33
56
186
177
145
106
9
142
133
113
168
160
149
135
133
125
91
167
4
24
2
136
74
37
148
99
96
100
43
142
105
193
187
140
116
126
143
7
94
59
93
35
99
196
128
47
110
30
173
153
80
178
131
21
8
63
3
168
56
97
194
99
10
125
55
188
46
113
64
89
88
110
123
198
62
86
177
154
40
87
42
188
119
100
70
93
124
10
155
24
90
148
43
106
108
129
12
48
23
30
54
110
140
14
196
182
7
182
92
120
61
27
195
128
143
87
132
8
174
90
55
24
30
93
38
61
89
45
52
17
132
122
112
19
58
141
73
76
182
66
151
31
72
80
57
143
105
28
5
0
82
118
33
44
146
91
171
16
28
75
5
120
157
159
115
195
43
119
66
170
198
180
111
124
174
74
8
57
117
11
164
162
32
185
62
51
126
130
0
38
92
57
109
62
145
198
28
83
35
189
54
36
1
191
176
3
137
140
131
130
67
172
181
152
44
138
185
59
43
49
69
71
165
75
133
25
108
72
147
18
134
36
127
146
144
39
91
34
15
90
83
170
82
104
191
29
88
72
189
