1697
1151
637
245
561
1713
425
253
902
326
1301
1503
1907
1337
712
1961
166
1502
445
1385
1097
318
1176
1087
1072
1826
1738
1997
927
1723
610
1124
1120
283
712
1167
1956
444
990
911
204
825
1053
1921
918
647
790
341
1884
381
1157
1842
385
55
1695
274
1122
413
699
932
1526
7
648
1356
820
1620
525
1984
524
1152
227
962
148
1330
1834
273
1723
821
1945
294
1166
1556
1094
1380
1663
1337
651
553
1155
784
1755
699
1485
484
271
570
735
491
1173
1966
1394
933
1959
1216
1328
1213
1526
492
1001
643
792
1887
956
184
398
1658
429
530
506
1707
313
1857
389
337
1377
630
605
4
1105
756
1259
345
793
1330
1472
962
405
519
456
60
1439
1787
1592
1061
844
517
1795
1401
600
813
0
987
1936
1647
997
523
1673
1693
41
395
1740
255
37
460
584
1572
487
798
1707
246
996
1531
1596
847
986
755
1894
1721
1409
140
381
653
1758
825
723
1333
352
891
710
1424
552
691
1742
91
730
605
1898
1314
252
28
1270
898
84
1816
783
1478
1573
549
325
469
1397
851
45
1039
1232
254
1179
1250
1906
1047
1352
1913
1354
1029
722
521
1274
603
1308
1576
1307
632
522
1322
615
1729
399
1596
1459
590
1832
1235
381
1320
419
1069
1197
1224
387
403
1762
1623
1445
273
255
323
569
336
1631
963
310
1547
1757
1415
1240
206
233
321
158
665
60
1672
1329
1342
669
1768
205
1694
834
1876
632
141
1055
1147
836
537
540
69
1186
1915
1218
1584
816
1196
1972
210
870
1364
1941
346
636
1037
132
520
1262
1211
400
1990
891
1139
550
300
1390
1240
1125
1887
801
1709
654
1426
957
543
361
624
1722
1535
895
466
540
893
1174
1586
71
1998
1182
770
794
1828
1244
1926
1408
196
114
1497
1867
1904
838
42
1546
189
674
1425
1421
1913
301
51
692
261
420
1493
1838
387
1174
217
1184
312
1583
661
882
1925
633
1427
1106
1871
744
956
1191
1184
1088
1434
360
1975
1627
1737
1414
1508
1123
1786
890
76
463
105
401
1774
1492
50
1653
553
1698
893
230
1062
1705
1518
1798
246
1474
243
857
909
308
1830
878
106
1783
640
1456
284
1235
1802
347
1668
858
1181
354
1392
1122
1545
1803
517
934
1229
1129
964
1405
1046
455
618
1991
1167
807
865
296
960
1463
1203
929
1029
1643
276
1928
245
1939
388
1580
1846
1083
1285
963
1808
952
1715
352
1811
1435
1766
624
28
1464
881
733
704
1209
1112
1966
406
1282
865
1680
315
1213
979
732
986
143
1894
294
1795
579
903
574
23
961
1146
417
1979
1497
1584
355
1684
1057
807
770
238
841
946
164
1115
1789
1292
307
658
1892
380
1613
623
1016
44
1490
426
157
125
1810
179
430
1666
292
967
1656
1904
1583
1778
1053
805
1663
1632
291
1289
216
1097
864
683
119
1155
777
122
181
1282
1931
434
1926
728
808
1517
558
368
1124
481
96
601
762
668
21
1148
24
120
1920
1930
1147
1157
1823
1025
53
987
529
43
582
591
522
1532
1845
550
1258
1122
320
14
848
626
1847
686
717
52
111
85
782
1059
1676
172
1743
915
856
404
549
613
695
359
1221
1336
1709
291
1364
854
1511
1800
1625
1882
678
1728
572
881
1678
1245
1094
1478
1457
1906
607
333
1796
367
935
854
1088
565
1127
1899
1243
1918
1674
1264
1562
1278
314
549
873
1210
479
1886
110
978
1009
337
631
721
821
326
1987
1885
1882
1824
690
161
670
1956
948
572
40
1443
1041
941
655
1058
590
17
335
1356
825
141
90
1315
1751
888
1434
905
627
793
92
629
1333
319
1612
1842
729
1738
1542
945
1619
985
356
472
55
1136
1679
1905
1070
87
1419
812
613
937
1426
1853
1005
398
1751
508
1022
435
1335
1036
1898
1861
447
940
595
196
180
1755
114
1764
542
1564
1382
508
197
1652
556
710
98
1964
194
771
714
1326
1417
1679
337
1033
1043
1559
128
1426
416
1410
282
1255
1334
386
1301
1179
1520
1526
1200
541
1707
1862
1207
104
1645
315
229
1518
971
1314
1188
456
1954
816
1109
1277
1864
752
520
1202
1173
43
575
214
17
315
1061
480
1550
404
1311
1379
178
1846
1460
231
1705
88
1119
1238
942
987
1398
1258
1677
1972
375
1007
133
1884
1594
1968
436
1960
457
612
1133
682
379
1456
336
1687
1639
998
1316
343
554
1366
1410
1000
1071
1610
1474
1401
1072
1681
559
1029
880
22
1017
962
1002
459
1549
1943
96
1786
873
1251
674
200
1811
1783
1998
462
260
675
540
1667
930
1176
100
54
719
1512
290
1643
533
1369
1942
712
915
301
1429
1652
1924
1572
1447
1449
590
247
497
1683
1883
863
143
261
675
1670
988
643
446
1571
102
1194
657
1866
1432
1665
476
1468
912
613
1242
1177
977
344
360
809
239
171
1013
1174
1892
910
1345
163
720
731
621
1761
636
1819
888
981
1874
498
679
39
1900
1649
944
781
872
1778
951
422
1958
126
209
660
581
1850
314
1553
860
1278
1093
654
147
874
937
1108
713
515
1507
155
880
1861
1561
1662
537
1513
1546
60
387
1134
953
1327
333
1595
462
1807
1386
40
1540
1730
19
517
1923
887
1946
1213
1991
1706
481
1368
1776
619
1289
1974
816
1665
1622
446
666
189
511
647
756
1235
95
1754
600
1206
1824
1680
1115
1136
133
1002
785
442
1215
121
1219
1750
1516
139
1509
1470
1530
1617
546
55
753
995
1448
856
13
166
897
1873
349
1044
0
1442
1906
1237
1341
890
189
1165
1149
709
588
1751
1978
896
89
168
771
1812
1952
304
984
1058
166
1437
1271
289
1081
277
1224
1838
485
1113
1115
838
505
183
1328
45
1233
358
311
1576
1731
632
533
1692
597
206
368
548
1145
813
358
717
545
1489
574
559
1087
1294
1941
1502
897
884
41
1871
689
171
700
1637
1642
16
1296
1817
1891
1772
1043
407
1178
487
132
161
201
1359
567
295
60
289
1448
1109
288
1120
488
1051
1860
1323
722
654
599
1376
1430
1993
1835
1780
1093
980
231
1534
1011
149
1742
250
653
1827
312
1389
958
1809
944
1852
851
77
1228
1258
1159
739
1695
1337
471
179
373
835
798
600
113
1299
1090
1107
1679
639
690
77
921
581
1638
1957
1403
626
1144
1963
1331
383
749
753
1834
1643
1708
451
1277
1167
1398
1659
1535
1566
441
1314
942
1771
1820
969
1394
719
1436
1482
79
647
178
611
621
1858
583
1639
943
1373
1247
1826
73
1631
225
386
989
861
1440
551
182
49
1950
333
1765
808
1935
1421
1325
1230
263
1689
724
1378
1572
730
245
1456
1614
452
733
664
1344
799
1977
1561
90
761
738
916
1624
1344
462
322
223
1915
1794
1119
62
1051
1745
262
290
1974
703
36
787
1935
97
1687
1315
694
1663
76
17
563
1729
338
1716
1898
76
489
672
1112
1591
106
939
765
1441
161
1453
1578
766
180
123
514
752
552
202
1975
1538
408
623
829
991
1866
454
757
1332
1718
965
102
1821
259
431
918
1904
1034
288
1237
1347
202
614
1714
1232
486
790
1650
626
285
1574
959
1151
957
1764
1506
642
1318
983
307
1803
189
699
1652
1742
939
671
239
1722
1577
1404
184
494
1954
1878
779
1548
1986
963
215
1529
815
571
1287
1587
1948
918
18
1145
295
1794
507
1059
246
672
1646
1487
1047
1853
299
232
1754
1212
939
1434
533
1003
169
1082
1161
1532
1144
324
429
1609
1491
23
950
114
1992
1413
1988
1994
228
715
1245
1403
414
496
200
887
1414
1076
477
625
466
1657
926
1628
1379
793
71
900
1083
1670
432
145
613
1781
1516
362
1522
578
416
244
1360
1775
1458
875
1675
1087
876
1542
608
1361
1953
907
1863
438
1173
1899
1478
1312
430
1902
1395
850
1895
410
74
1952
868
1692
251
851
1839
360
1193
1939
1271
1848
1319
119
1208
1279
1800
1308
264
638
1997
170
929
1645
151
153
1172
537
1730
1980
1956
1552
1898
1951
56
1253
219
285
1772
499
393
20
155
976
1641
1519
361
1173
677
1306
1180
740
1415
139
1208
800
1726
1234
1074
1731
256
749
1176
334
4
1139
1620
568
1364
873
1843
1437
1675
211
28
1919
427
1805
9
433
1374
1631
1128
372
1789
1069
210
1609
1521
531
1791
63
1318
867
1522
952
465
1292
1930
1110
1893
1623
936
524
584
61
1383
1338
1784
1483
1716
376
1746
1131
436
783
1488
1899
180
1062
1630
411
1169
913
233
157
118
1507
72
888
1941
1948
1228
1274
185
1352
83
1897
1441
1897
513
639
1562
1263
1480
1827
182
1150
1519
414
638
965
282
1306
1004
1278
1573
287
588
603
1328
1759
391
989
868
559
1503
401
615
927
1847
1402
1037
53
967
1486
378
653
94
623
1917
45
1147
1431
1022
1300
870
1473
1729
181
513
252
1228
1813
349
1625
211
1317
1570
1697
1499
125
1706
866
282
610
701
616
1432
990
732
1266
968
577
997
1332
1251
1732
1046
439
374
66
1815
1421
482
1204
297
68
1539
18
656
268
1667
566
1903
1958
1770
403
1089
858
855
1953
1574
508
1009
12
984
1304
1577
1708
1202
203
731
645
1216
469
1987
1049
1345
1493
1018
1412
1077
951
1746
1853
170
952
473
933
1079
1386
1105
1345
1522
894
313
1782
1775
872
1132
1994
284
63
1919
662
265
36
406
35
452
93
1746
840
1839
1945
1618
490
1669
1179
1118
407
739
466
148
1116
1565
628
1929
1620
455
359
536
815
922
460
115
291
1993
1643
494
24
1999
1154
895
1894
87
1307
1796
1553
1743
1161
874
498
836
195
192
1355
1943
1710
1023
1025
1148
371
1169
710
222
559
1995
1444
1934
1871
172
826
1722
1064
722
1655
303
1934
1267
1948
916
61
455
1551
1484
760
1668
796
252
937
1688
784
240
1152
1250
287
1682
940
90
420
213
1802
159
1411
605
225
1760
780
498
930
464
1033
1126
528
1416
1124
1352
122
972
423
712
1172
727
634
1696
695
366
721
1356
1769
1877
601
1183
624
428
486
678
1597
104
504
112
1854
1149
1155
1786
1689
1000
546
807
1143
1252
634
1353
978
1873
707
301
1257
1716
1836
1891
1125
195
557
1805
390
1689
257
575
772
89
303
900
698
281
1146
1989
6
1239
1703
1748
1153
90
560
176
970
566
1683
1313
1018
420
1422
1711
177
1401
783
253
804
454
1085
937
738
1458
100
1738
1182
769
1710
1371
478
1864
693
839
1457
550
714
1603
917
1653
358
1486
1201
498
826
651
239
1638
1524
1381
1795
1526
890
1552
1460
1739
788
148
1153
184
1153
343
1022
1180
293
1297
721
51
1494
604
545
1662
510
805
1386
280
224
1481
1521
1378
1156
1462
1384
1912
1829
78
486
1634
612
1208
1946
156
976
1470
428
823
668
1649
899
147
684
1811
1638
1
30
326
780
529
861
190
156
1985
1616
440
1875
1955
138
1238
556
1638
529
983
1569
354
694
1658
1354
717
912
685
1081
952
1265
1480
1713
1056
915
753
1044
892
37
1603
372
1922
1623
150
1497
476
130
204
1628
824
1012
1782
221
1725
1251
1409
1942
15
1644
322
1982
1777
852
794
54
902
1390
419
687
196
1801
1163
530
622
1398
562
1937
1968
1008
773
346
25
395
1140
482
341
1686
1528
536
1011
1509
58
1499
1535
973
1017
1726
1756
874
1576
1187
1462
1416
1881
1813
1180
1870
1306
1907
618
1492
1456
503
3
1835
1423
112
417
1223
1176
463
1833
77
932
1254
1855
794
1564
1720
195
1141
1004
544
1959
1733
1694
830
1635
1267
149
998
666
1588
1293
438
117
1918
583
364
1160
1095
1978
143
439
684
770
256
1640
1434
169
1427
487
306
1042
1122
453
1775
1318
1388
1890
351
1003
1645
1364
1117
485
1669
292
625
1495
678
842
1317
1312
341
342
1291
1518
1829
1560
471
831
1684
1397
292
5
584
1675
991
1475
116
1177
7
1990
892
198
497
950
1113
582
879
816
133
1510
837
1504
1598
138
706
848
1130
519
736
769
1128
1514
921
227
727
296
1129
1762
842
1878
1875
219
456
173
1091
1921
264
1523
275
1408
532
1778
1974
1662
1726
724
1207
1588
988
1461
275
683
1273
1608
1845
695
1075
361
1156
810
1692
553
1907
1950
832
167
1538
765
858
1260
543
244
629
1221
1591
255
47
748
1156
1132
1834
1388
1554
1023
819
1123
1209
1852
232
1316
1128
1635
1141
1128
966
398
200
910
1353
1155
754
720
1644
1346
1462
229
1479
1162
1363
669
1295
708
409
1752
31
1136
314
1536
640
1442
1812
57
1181
1669
1290
734
625
1844
1753
740
472
1788
913
1624
1072
195
1530
1705
1281
774
1967
1377
377
515
609
1236
1681
1736
1625
1800
390
1159
686
1045
1971
542
537
1410
564
364
1553
1795
852
198
1835
27
249
165
1711
137
857
47
834
1806
571
63
973
784
132
458
342
1068
1592
1131
461
1409
745
76
1825
1071
1432
1367
34
340
1296
1991
117
1093
1728
25
897
1263
838
1575
328
904
1003
317
1338
1968
787
1364
278
484
447
222
412
668
154
353
1139
1423
209
1590
577
1275
819
1090
205
1204
63
1435
211
22
124
1362
1646
911
173
606
351
594
1540
508
1583
305
1667
1949
1159
1189
1866
1576
206
514
11
1869
208
247
439
889
490
336
1855
1297
1220
1216
1551
755
332
826
262
1200
98
87
1756
814
503
1952
451
1398
1733
1876
1701
1636
1076
185
521
1850
1665
85
689
472
1438
456
1654
833
1211
884
1185
1896
599
1507
194
529
22
74
59
567
1236
1030
894
1355
1767
1848
895
599
1242
945
1548
1299
928
1916
1481
1970
759
578
1914
1381
24
765
16
1710
1407
567
468
1987
368
242
1466
1337
305
88
1671
385
972
543
358
1823
432
1584
1922
1872
135
382
865
1674
1551
1527
1102
1692
158
815
850
1515
1959
1412
290
932
1284
641
1943
967
720
725
506
481
635
437
371
1745
1545
570
1349
713
665
158
1799
470
1486
1251
469
42
754
1571
1199
1385
772
402
53
1308
769
1092
1240
1663
541
1036
456
480
1921
250
407
1642
1233
348
1686
1276
648
588
1885
511
495
49
1350
832
1498
1515
1619
1449
616
889
457
878
1143
947
780
128
1682
1212
683
596
232
1348
1839
1374
32
1239
951
1648
1845
66
1923
1317
1019
1176
334
359
448
154
1512
65
43
298
661
624
687
1571
1536
371
833
1481
1959
1014
30
1444
1944
1925
1829
1769
250
1515
1211
1003
855
715
1256
1665
949
1639
1322
1054
1889
364
431
160
1579
1718
754
470
1932
1798
137
461
1124
1809
1801
727
701
389
1292
1616
796
1850
1025
1666
1928
1229
592
494
1101
784
1135
330
726
1382
1817
1667
224
273
125
242
1649
1558
104
1031
1523
259
414
1932
1927
871
1014
207
706
1339
1020
713
199
1399
734
1930
396
45
1626
593
924
46
1130
1324
1123
1373
1121
732
1130
1589
1513
1947
99
1790
156
14
409
571
372
157
779
1097
1123
1613
528
304
927
1819
1142
1060
760
1984
634
556
1599
237
906
0
1696
1389
1946
164
1691
1485
1287
1867
107
1965
1375
1042
262
106
29
1984
1768
1404
1582
925
425
918
966
754
1672
1636
1486
571
854
1883
1854
1485
507
1531
1992
691
803
1104
1912
1535
1979
1091
826
155
1863
1222
146
1163
1958
71
1832
1671
129
1234
539
333
1327
1700
663
935
1381
523
1644
681
280
209
1279
516
70
479
1751
1661
72
1154
1457
434
68
620
1043
345
1747
1114
1326
1259
177
160
362
1934
1192
1226
567
1719
1427
448
1260
18
876
308
1941
975
707
121
1175
1454
1147
99
992
859
1366
947
1235
745
1700
1401
1338
956
1856
845
900
1030
1443
241
1082
314
548
1915
437
1690
246
1213
1338
173
449
1621
1614
1770
1269
1799
1640
628
103
737
1076
1053
1035
1872
1431
603
526
558
201
1104
1035
218
1259
66
705
165
772
79
190
1715
1538
415
43
1399
482
984
1446
1559
1413
15
411
773
1556
433
1650
20
1500
809
1219
1654
1328
1766
1836
1756
344
548
1257
1592
1959
1026
1571
51
1044
522
368
2
1739
1402
852
1736
192
785
1430
464
434
618
1493
330
1332
118
1223
111
952
1014
592
1172
1491
701
1780
907
148
923
904
1980
1797
693
1398
1701
1103
1822
419
29
1508
476
1342
1971
485
38
1615
1098
1513
84
1020
1735
1205
252
1244
758
1846
977
1802
757
337
1620
178
785
269
1430
1836
1634
1442
13
136
1820
1613
1064
1084
26
1045
1483
667
1762
1058
399
248
1655
587
428
1715
1945
784
384
610
1435
1406
1687
408
1350
265
519
1875
863
75
1690
873
1914
435
128
384
1854
576
990
933
115
1937
1078
463
268
839
1183
1852
1810
954
1367
645
1106
64
778
1551
1771
582
1805
972
978
317
492
1143
930
1114
1275
1190
1683
113
1303
1479
585
349
1827
5
1151
1886
1981
1852
1433
483
898
1691
911
270
431
1684
958
298
335
1860
1671
1476
1977
111
190
349
772
1952
1023
852
812
101
594
1797
1856
1733
363
954
384
1293
1826
83
1815
1298
989
1168
747
130
1605
1475
1921
644
660
1628
418
1327
1243
275
1266
958
1967
775
110
251
1163
1233
407
1099
1877
1971
971
663
1101
448
969
1433
919
1529
1602
1447
1804
920
1343
506
1370
1737
1523
120
1658
694
221
824
1374
1767
772
1343
651
524
1805
286
417
884
1312
1754
485
1957
1728
1753
1365
1372
1318
1365
406
1465
670
1056
1505
842
30
1084
1908
1474
1785
1383
1995
1879
293
150
37
1858
1627
168
967
541
329
590
702
1932
646
704
1168
1624
1848
1969
652
672
1824
457
248
990
1924
1818
1563
1555
1508
1319
162
344
595
342
393
686
32
516
730
85
77
1452
220
1531
1266
1781
1425
187
1287
89
1636
938
1589
1360
988
848
11
638
1514
1435
664
201
1612
929
299
536
762
1347
1334
641
1562
151
215
1715
1037
1742
1790
801
1653
760
5
1516
872
1384
52
1769
681
1737
971
1325
46
512
1703
1307
451
1467
724
1641
658
79
946
1681
931
828
565
1590
1417
1302
23
24
1693
1202
1279
1122
1728
2
348
690
1460
1871
1119
1086
1022
1985
1500
1323
1311
1666
1533
142
1837
1627
457
1275
947
1739
575
185
1927
1244
1321
722
538
1605
26
1068
1698
1919
1699
1473
1055
1532
1131
1561
1393
1702
1465
1504
47
1502
260
152
1423
936
1788
1768
1059
1787
228
1256
1487
1412
217
1750
1302
1757
1552
1841
1005
459
1141
394
1758
1028
116
763
1043
1734
1246
1229
45
518
1303
1495
234
1141
1602
1104
603
1992
1067
1819
997
241
1962
351
501
1616
1918
110
800
663
1024
1009
1554
789
1540
1307
1438
1268
1058
364
1481
1814
431
1242
218
289
359
555
1480
521
1494
1991
1042
1303
577
1944
1810
454
686
1629
1303
267
899
44
948
1787
646
992
226
568
1246
941
579
1816
1719
1721
1454
589
1600
1463
144
805
1800
238
4
1276
465
1477
921
1506
1368
1482
167
1459
744
1095
1764
1476
841
1944
1168
698
1960
1477
1604
590
704
873
641
1686
977
945
339
1581
1018
1784
1935
534
408
468
645
1384
832
614
1843
1431
357
871
17
864
1961
1929
1815
1192
1164
973
19
665
620
1221
267
468
1056
416
61
856
898
253
262
361
1075
1566
995
1485
1788
1720
1504
1416
673
1597
589
1763
598
215
1622
1879
1532
1704
199
523
1285
271
557
266
1450
756
604
1830
1847
1471
591
212
1112
917
849
1131
299
1473
1539
1831
761
822
426
1911
759
1355
1940
1621
434
1933
202
737
1144
1893
82
461
1409
1160
828
1496
442
1175
272
608
1574
1386
199
853
57
1149
1558
111
827
1059
1477
471
1402
1636
1648
1261
56
988
751
1659
1083
1825
1951
629
1050
324
1939
958
387
1295
764
1864
1106
1418
107
1062
6
94
1964
442
1325
1023
1869
1608
1443
165
311
1283
1421
1560
1053
657
767
537
1125
178
1063
327
1185
1153
788
763
1872
423
1826
1277
474
513
307
1264
1821
1007
1747
565
825
926
1348
323
1261
1287
670
602
1993
147
843
956
145
856
254
450
1536
1502
233
57
436
1428
1570
1073
1902
126
219
68
1550
1489
956
927
1607
698
1924
1293
181
393
319
64
953
715
1563
1545
175
294
587
432
1435
504
1923
1086
599
985
401
38
223
1838
1994
1439
815
1010
112
936
1330
1146
555
1613
64
87
1252
1404
531
1468
544
538
1480
1998
720
21
832
675
673
616
1657
1673
1911
572
1186
183
237
1311
974
156
391
192
1324
622
1314
197
1436
1562
591
699
846
1909
1451
1272
396
1629
1966
1033
1361
235
1225
1878
1906
371
1887
541
1016
622
989
1545
1218
1552
1766
35
245
105
390
1877
93
423
387
831
1048
1301
800
634
851
284
1561
1248
814
236
1988
1797
1695
1125
211
1016
1237
867
857
806
1320
1507
282
774
1986
1057
190
1394
1523
382
1661
1619
774
1922
261
64
877
1870
602
52
388
1510
240
1438
122
1775
81
1962
1273
1692
1792
492
1559
931
759
1870
994
1641
10
1605
785
1795
742
1315
1982
1392
1865
381
1355
916
1339
390
817
672
1730
1005
1005
97
1430
1098
1343
281
1909
1774
452
1493
1635
1498
1487
1802
640
1979
1614
1691
505
327
766
669
1401
1787
1274
242
1668
1232
1187
1376
1677
1863
384
422
97
819
1687
828
260
1738
1067
1086
729
691
796
1269
655
1603
448
1260
805
705
251
669
139
124
329
1843
226
217
1230
1407
254
1546
496
1599
1481
1356
807
1511
911
1609
1157
1026
863
670
809
1425
450
1054
138
1530
1205
56
1951
1067
1109
31
1410
377
1709
1882
338
1171
390
1020
292
1028
665
1796
1598
883
1149
172
564
990
16
920
910
1519
503
1264
1043
631
1671
731
52
332
1857
1469
1139
1103
1708
774
1671
1726
1519
1861
1270
48
1804
1660
585
1194
307
1593
1806
1375
1556
1964
200
83
1189
283
635
1577
1108
179
655
1329
144
1604
554
1403
1647
853
870
1609
1369
661
1732
1670
75
196
1807
875
680
953
1887
1000
751
6
444
1078
1305
827
234
1794
97
926
1488
1202
374
1050
231
1471
343
467
109
782
841
86
1760
166
1191
1209
1670
1341
363
1660
1195
1724
1236
474
1776
1096
746
1343
1292
30
661
1184
1374
1858
1824
1298
687
1310
120
1320
1311
514
498
378
427
293
1691
445
1753
1897
1127
453
1848
1360
1792
806
862
693
1922
1417
1449
1110
468
1418
561
1261
205
1711
586
1785
732
1489
894
1363
642
1427
1908
1262
1329
822
1189
1129
716
547
1248
242
183
814
1262
1619
1857
345
806
1079
1961
1047
795
646
1263
1767
1884
330
687
963
1976
1730
685
1664
14
1468
1036
207
1300
1544
1290
1741
1546
673
803
1673
140
1598
1815
1999
144
574
708
187
1767
943
902
113
1013
536
1596
573
654
500
172
1914
1659
59
1057
483
1209
718
672
1275
1220
50
1923
1938
552
409
296
1814
103
707
235
747
1077
483
802
127
332
512
684
586
647
86
829
1420
421
1005
1222
767
578
395
546
755
641
1420
1073
1219
135
732
635
849
1124
438
444
210
696
539
1900
728
1286
1957
1052
912
1279
849
1678
1551
1908
861
1637
1942
308
1563
1187
994
933
54
1962
745
1654
611
1529
1599
1715
258
1836
359
180
1231
560
1839
1817
1575
1717
1017
531
1468
1466
1629
565
758
143
1237
694
1885
1034
175
1744
1977
621
1166
1070
27
389
124
511
1859
1626
1573
1366
1448
820
860
1165
1304
605
1809
279
1707
278
642
1351
1803
1689
821
1969
1651
1642
1725
13
1823
944
1475
41
70
1274
1059
458
130
1627
1474
902
126
1841
176
1633
796
1584
959
1631
992
674
1555
1525
981
1638
83
49
272
1129
412
8
1989
14
1888
1420
545
781
314
561
533
1760
238
1566
1524
393
1830
425
1459
1696
716
46
62
1743
509
1949
1261
215
638
735
1445
580
1580
1565
299
93
328
58
1371
1559
703
843
884
1748
1533
352
1160
903
510
78
1700
1010
1688
938
517
1030
676
92
374
1280
1500
1218
1644
607
545
1119
1982
1777
1344
617
1402
1585
864
542
1837
1747
186
1594
1183
1272
827
1437
775
1331
1724
910
919
1958
1674
504
1495
80
85
1938
1994
193
1389
1560
1245
231
1351
967
1612
1859
1501
1538
983
1996
843
992
1747
773
217
1375
743
1782
1166
1012
1607
260
1840
112
328
929
1138
811
965
981
1501
819
1300
1735
146
1372
72
57
1164
1013
124
1482
248
53
1011
1617
525
922
1140
1676
110
563
1117
1130
21
934
571
778
786
629
190
1232
766
94
249
1373
1714
281
200
912
266
1662
1492
601
495
731
940
1325
295
1588
859
572
4
162
163
1064
1206
1602
88
1788
1429
392
1156
1371
747
636
774
693
1126
325
709
1612
1831
1373
492
1112
1273
172
579
383
701
1400
1601
305
998
1451
1790
146
887
460
1490
1549
1162
32
820
1916
275
1003
1064
995
1013
1607
1099
449
415
1162
1332
758
1404
473
1581
1032
1465
1739
1712
1373
67
859
240
1363
1849
1781
601
1068
1148
8
140
1314
1324
1181
811
920
1947
1201
1442
109
1095
582
1447
1081
1779
1689
1210
70
1379
326
1896
221
1289
36
169
609
277
1230
163
339
1930
982
1353
78
1344
1599
1041
962
682
943
636
1101
740
1567
713
822
1272
63
527
1682
1188
899
42
324
1097
224
1111
1818
722
9
1840
799
300
1896
198
328
1052
1945
1121
514
1060
1909
786
131
1610
93
308
270
725
68
1217
1570
1074
1334
675
11
877
626
834
573
422
1320
1543
1534
1171
249
1391
1290
507
1341
1203
311
376
957
186
1473
1555
1222
373
818
887
698
296
1334
886
1931
347
1929
1060
980
953
442
1796
764
1006
1869
1577
1004
1502
1603
1270
113
88
191
1252
1789
1541
96
1214
1115
1069
704
81
1888
332
1035
1720
207
174
957
1744
1717
1108
659
1255
881
335
1739
1396
131
1190
795
1358
891
867
1310
1600
1319
1414
1028
1972
1169
569
1204
1582
999
749
1366
924
1443
1896
1797
1859
1955
1954
214
763
1791
1574
516
1231
223
1747
1231
689
102
1727
930
631
146
895
1414
948
1174
1957
171
771
145
1620
280
614
12
700
7
1201
1657
974
423
1968
731
1727
1870
358
1177
414
580
148
1672
795
1375
418
153
1908
1598
1883
270
1450
1898
679
410
1513
1891
1883
1981
775
681
1677
833
738
742
132
955
367
1336
898
643
1126
1909
388
551
422
1697
668
128
459
1820
726
860
1074
1448
1792
303
1610
1353
1343
1095
1027
541
1011
1446
823
217
789
545
1241
1093
783
1038
137
1004
932
1763
799
122
1964
798
415
734
1082
1542
580
753
50
790
733
699
906
191
1515
1714
1342
504
366
1873
1439
284
1180
1087
1167
1249
775
530
791
1676
788
1265
327
75
1984
1224
1882
1886
810
1928
142
1262
1295
184
1799
1651
696
1110
1540
932
1728
278
818
1034
1799
1477
187
555
876
480
1885
1520
1208
581
1861
1976
348
61
948
254
1755
306
1120
1488
569
479
1713
1078
975
1210
1214
1250
1704
398
1309
951
1413
658
739
1594
165
1650
1721
1210
960
839
1313
356
1606
1866
1597
243
546
69
565
1558
1793
1469
986
1280
1121
213
738
795
1954
171
1744
1178
1583
1720
391
1011
1119
1346
1126
801
1429
706
1722
118
1075
108
1083
1995
89
305
642
1396
295
1965
871
1997
1644
1496
1635
1933
813
420
182
1041
1759
383
1420
1344
453
1315
1100
1088
1112
1896
1362
1100
886
267
220
304
1259
671
931
1763
908
1331
1512
20
1708
632
913
312
1161
1429
991
1153
1967
567
1339
1368
782
1257
1914
483
324
25
1840
22
757
193
597
652
1986
1393
1883
961
1579
947
183
211
1702
1446
228
1245
1600
1431
866
871
1295
1118
1020
1024
1918
168
424
1678
1748
1327
1917
823
9
1460
466
197
1335
347
493
1249
402
773
1633
1936
245
365
512
202
525
1239
1253
1341
863
509
489
1247
1555
646
1021
1008
1116
1947
1568
1326
580
1717
499
649
1206
930
186
1114
1595
309
198
29
711
1462
1548
410
1989
999
479
744
1455
1168
421
608
266
98
776
1881
1882
47
1269
477
1999
1340
383
1097
1599
395
824
933
60
1312
701
909
73
286
874
1723
1288
308
1198
388
1451
447
91
1492
914
257
1141
1365
1940
13
521
1570
1856
950
622
1488
1016
1160
1637
591
968
261
1796
1399
1735
1761
154
354
1370
377
155
955
564
1006
632
1608
1484
440
1229
578
1230
1929
1413
54
71
395
1245
606
635
1092
782
856
1272
196
1263
91
1107
1585
214
1308
1268
4
1546
833
1100
84
680
596
154
799
100
685
115
3
619
1283
1282
1867
1759
236
1911
44
310
846
606
1769
186
1227
970
369
761
835
318
1924
1362
1293
908
1008
287
793
1102
140
644
568
400
928
1912
1298
728
1763
53
847
743
750
495
1696
1012
1550
843
1505
1027
1017
1659
1349
384
1397
1606
791
1196
1065
386
868
561
1996
1200
1869
572
786
372
216
1439
1797
1342
1780
289
15
1117
141
1207
205
1298
1197
412
1049
1927
467
773
66
1544
1413
1236
111
628
1291
357
770
982
39
509
1086
555
1738
1965
58
1465
465
1651
411
356
949
1015
1772
1333
1776
1890
735
1996
418
1254
1716
966
1535
214
1765
1734
441
1812
652
80
1514
659
1047
1383
1611
1841
1479
1383
791
216
979
1091
355
610
1986
1407
807
1259
1186
1918
40
1423
1228
279
1687
389
491
454
680
901
222
129
27
112
1369
227
1805
1347
1717
202
1362
893
1395
1198
905
1877
1913
1793
1633
203
134
1685
1657
645
99
432
647
416
751
639
400
766
1424
299
1973
1678
351
357
904
778
237
489
1127
1597
1818
1946
1509
881
1316
1779
1296
1777
1463
409
618
322
1864
1302
1903
1496
610
1967
247
376
1924
402
1190
1801
1469
964
1770
1951
160
820
1828
1892
450
306
266
653
1137
643
470
119
917
1172
1143
996
1044
1471
1844
1674
391
1286
1537
1781
1350
372
113
415
334
0
1328
581
1038
1424
1378
422
1490
433
1682
1868
818
1719
847
1895
1662
1505
138
1962
972
167
1649
1563
893
908
1017
1521
1430
1158
1347
1989
1678
1077
624
1664
1495
88
337
1762
1840
302
229
777
519
1782
167
1808
191
1033
730
1595
322
752
370
589
1939
1734
549
662
1704
1498
1494
958
1933
1985
59
1824
1219
1288
1391
1514
1272
813
1760
1621
49
1333
1694
1450
606
1658
69
1968
1679
1244
1123
816
1562
1467
1647
1193
475
648
1971
1116
288
1400
1772
42
895
745
1658
265
1420
1002
1975
1850
1027
1557
1806
1836
1433
1019
163
1175
1025
235
159
1536
598
328
734
338
436
524
143
33
1265
1001
706
560
1529
1705
596
1120
1791
849
70
1582
658
1872
58
678
51
1036
1528
700
803
209
209
116
1024
1539
1831
644
1113
1209
1755
1988
502
236
1905
828
1300
1190
981
712
1653
270
1843
362
1389
326
1848
1809
872
1965
203
1974
1071
1277
1341
1197
663
378
844
677
1675
1947
1901
611
1970
1370
1348
1809
627
283
1677
1634
1295
1928
1938
1264
137
1823
1291
1348
1979
992
678
1572
472
1014
1699
1196
1785
1268
954
521
751
1874
1185
842
1106
1610
1981
243
1427
1938
430
1251
182
1407
845
1327
134
600
61
464
501
978
1634
11
445
274
350
1752
26
376
34
316
248
535
65
301
1396
1650
123
35
579
824
1490
871
926
1673
885
1309
446
1351
1622
336
776
814
1283
254
800
1183
529
1827
680
1822
1912
921
1393
233
1379
394
1710
1725
593
1305
1285
711
429
480
515
1076
1588
94
1757
1105
1704
1255
564
1171
1680
1178
1132
1313
623
1919
1582
121
1296
316
193
470
455
534
1469
403
93
1682
413
736
1641
1198
1827
1972
1661
382
1072
130
21
1187
1670
153
1578
1133
1354
1613
1457
886
1026
1794
1445
869
1811
1719
1618
829
663
1326
1582
56
1428
950
449
802
1981
681
1517
152
1791
1910
1740
1196
1852
945
1604
1904
72
1826
1374
1405
291
575
566
1286
1157
1770
506
1307
1832
445
1506
1136
1134
443
1615
1220
1002
698
581
1910
32
1935
640
1415
5
1150
916
525
86
1147
1702
1348
1860
201
1230
1911
501
904
616
1626
875
998
175
1195
1897
1964
1418
1512
612
769
657
11
1361
620
440
1557
835
1358
996
1260
1501
1881
789
528
1282
8
1394
1981
934
1922
543
812
164
865
1423
207
101
393
320
400
667
1529
471
969
854
889
1693
1390
1164
965
767
1971
1931
1453
1578
1168
644
594
639
1508
1217
1432
467
817
1299
1685
1079
944
1170
1108
656
1976
783
1833
1088
89
914
125
1873
441
42
569
1065
87
405
108
817
378
1518
1951
1547
810
270
428
883
373
192
980
1391
461
674
466
776
257
968
1284
742
176
1901
1500
1400
1686
1336
1135
241
1248
1464
702
791
901
949
748
399
1798
869
1085
1879
1194
1900
266
1138
677
1098
586
750
1471
1437
1054
984
1746
1223
829
1963
1657
325
290
350
26
786
33
650
1601
1156
135
1628
1975
844
1099
1564
188
101
491
836
1813
549
1688
402
553
1204
1233
475
872
518
405
1579
697
1873
1042
1602
5
1625
1062
1960
348
1437
1239
924
1215
1880
696
330
811
147
810
102
75
1191
752
1268
286
1267
1163
296
1142
1071
1758
877
949
1969
321
188
1709
451
1220
680
484
660
1284
1273
1996
1685
1425
309
1741
794
0
415
862
225
582
1166
346
1983
995
994
340
103
1800
1249
804
279
1354
1559
1868
615
1280
1677
285
676
666
1406
1138
837
886
1357
506
1042
648
433
1703
1289
1641
1024
690
1040
1132
1226
758
832
1104
508
938
129
1927
1567
1581
425
1868
1390
62
494
1065
1819
1785
1990
1392
1099
616
486
96
1666
705
350
905
1741
535
691
160
694
1159
516
188
118
596
459
762
1297
1565
866
1652
1768
759
1472
1890
450
259
344
1844
208
1856
256
3
1954
12
1784
1772
1199
1770
356
1197
1419
1947
540
580
1382
1195
714
598
1707
747
1207
39
1169
376
1369
1888
294
369
1585
232
1075
1013
153
766
1855
1346
708
814
593
169
755
287
946
1246
438
265
1752
690
840
1963
1903
1046
239
923
1079
970
173
375
1845
1382
769
373
1698
290
325
1444
403
1790
100
637
356
99
1320
900
1227
1884
1907
18
882
1792
146
472
1283
1731
440
1069
1387
1946
985
377
1915
1085
850
642
241
650
1847
213
1719
439
396
225
1446
1812
419
1150
689
108
159
1240
405
1415
437
1422
298
850
1258
1346
250
1090
1394
633
1388
1556
1180
761
996
1892
3
464
627
1527
1531
703
1237
1133
1226
1142
388
1409
1
361
748
908
719
392
134
276
540
767
223
117
109
1741
903
413
171
1305
831
1470
252
1525
1633
714
1359
879
1224
1193
679
1310
1504
330
401
1592
1788
293
1339
1144
462
482
1081
1
882
657
1250
1962
65
272
162
991
298
758
1976
846
671
1655
894
937
1714
1032
977
605
1735
394
1879
1818
1560
957
1876
765
797
1985
119
674
424
746
391
1970
1752
302
1455
1135
1801
969
1480
1603
138
1549
505
1408
1746
1365
70
500
1038
1061
1006
968
284
1161
1425
78
123
564
1676
1214
1452
684
1158
431
900
227
1983
1693
1099
878
1411
961
1367
1126
778
1466
1510
2
1286
659
1380
1114
662
1669
1132
608
1196
1416
1231
523
1475
242
174
134
340
353
1239
934
973
1470
1632
1067
1921
589
352
1057
1105
109
417
18
1072
91
1454
297
1916
1337
1663
32
1916
1300
719
1791
1377
657
905
802
1855
1485
1170
1514
936
298
1313
601
1137
1349
697
1148
1983
345
1991
1134
1357
1193
1487
1926
1297
1920
1934
1961
985
884
566
1524
1199
255
857
1019
1860
315
1520
21
1744
1201
914
338
40
925
1547
8
479
1600
1513
1241
557
592
1712
1566
1118
208
1178
1434
1647
310
151
509
863
1009
430
1958
1524
1718
175
548
271
507
1881
923
1588
247
1418
1554
492
130
1876
1647
982
1191
1660
1706
1192
1564
830
1706
755
1886
1299
1174
804
1988
573
1031
1349
1000
1822
1510
210
889
379
726
514
587
1933
297
1472
673
208
1585
709
1565
568
1200
964
1507
482
1107
688
460
1757
808
1179
1732
563
1029
999
6
845
1192
520
1894
1241
919
1539
655
837
1807
1790
1151
1135
737
1576
159
742
1792
1960
320
1868
1440
285
346
1999
1365
811
968
1851
1134
913
1131
846
1589
1056
1976
218
74
336
1854
159
1646
1293
309
1494
1057
1709
216
1038
500
1798
1204
94
1616
1632
1296
313
1
1538
1220
608
1683
310
1556
1476
1517
1569
1338
1455
136
10
282
1523
413
748
423
864
993
841
1630
928
1601
1492
1227
1578
418
46
1849
1027
379
746
1753
380
464
352
1215
1454
870
1862
946
1289
869
867
247
1855
1039
1151
325
882
151
1757
170
304
1396
1700
561
1537
1587
489
1990
1980
965
717
1997
295
729
1499
1476
1887
1511
1937
1397
1969
1734
414
1242
163
1399
44
1253
1549
1451
1525
650
225
1162
781
897
1925
1863
860
198
1098
1294
230
1902
27
1668
688
743
943
1276
1740
1265
19
776
1806
1732
715
329
80
173
1564
1899
1871
1842
1775
327
227
1989
355
485
1461
1828
1070
1901
1065
1007
1835
519
1150
687
916
1422
1859
1586
346
329
896
778
879
176
1993
269
37
971
1489
1803
1324
959
1053
74
28
85
650
1291
306
432
1953
82
1627
792
787
1888
1355
297
1276
1079
1598
1218
417
1881
583
1807
15
1482
840
1361
137
1428
551
627
725
331
1428
178
1829
67
1008
1095
491
649
1625
493
1458
1816
47
126
212
115
792
1860
283
286
168
473
108
1581
562
703
917
65
237
888
1186
855
964
362
1089
1345
1825
1874
152
238
1935
922
1541
536
1033
385
38
1874
1127
1504
531
1468
1049
994
150
702
262
1526
983
1281
1833
1102
95
1774
1083
66
986
762
696
651
1686
981
1998
1479
935
523
1026
824
1368
354
2
1309
332
1619
1281
363
493
1160
1034
1889
333
214
1659
768
951
1679
1484
1833
48
107
1503
1290
1404
1668
654
412
46
985
1208
392
1262
92
853
924
743
1721
826
224
1768
1750
1894
442
1846
1268
1983
925
677
1891
357
25
1214
65
1890
1377
1828
1731
970
1330
1212
1142
54
1767
1684
864
522
43
2
1044
915
1249
1159
899
615
483
676
1854
1199
1096
327
19
612
71
469
1380
1283
983
708
1075
179
1205
347
853
335
811
72
25
890
625
1026
1985
1015
1255
1544
838
1693
1453
1727
547
1137
239
976
1861
445
532
379
607
1371
1152
1517
323
240
1505
836
583
272
542
1615
1078
1004
893
734
278
630
460
476
819
1145
729
313
1655
1371
1565
768
33
1566
1257
1557
360
847
331
1222
919
552
1723
1779
320
96
875
133
993
44
658
907
1074
534
611
303
1591
1319
1787
1027
426
625
798
1617
1713
1694
382
175
1433
1542
194
961
1901
1212
276
407
1944
1865
1832
503
1753
1648
576
1073
1040
1701
664
797
781
563
1025
1833
1661
1778
589
177
553
1960
1360
1713
10
50
869
268
1096
319
184
1101
876
1137
1531
1664
1973
1045
1458
1449
862
936
1917
490
892
304
1084
512
1478
1353
1073
547
576
636
803
276
275
1587
847
1111
382
793
28
1412
669
204
1579
785
1652
945
69
191
1557
1464
1771
379
1037
626
683
1479
1085
109
1506
1699
679
183
127
1197
79
542
1660
62
1038
1785
207
1927
535
1940
595
1512
1829
1846
450
1906
1637
136
1302
1157
1786
1988
862
260
397
1617
718
505
620
1103
1384
131
497
1089
1536
1567
727
493
1735
1548
1080
222
1817
1727
1743
922
249
1030
1544
86
366
221
1744
1594
1238
1031
1702
828
1902
535
1537
659
588
69
645
1405
987
1121
607
250
556
1831
1244
1277
1350
73
1530
1391
942
1727
877
940
1280
628
666
1528
316
617
822
1203
764
1897
1580
1102
224
770
264
736
162
1006
897
1875
1287
212
850
176
1937
1853
73
583
1335
1919
979
1749
1837
974
1306
153
1522
468
1065
1090
1091
125
1056
427
1649
1530
396
1254
1212
547
170
55
1392
619
1501
1145
1061
804
40
991
1397
1503
1030
892
857
1907
868
1567
1672
1117
1982
1318
666
728
1628
1736
1900
554
154
142
763
630
1923
1910
1517
903
1107
452
1987
802
1356
1956
1801
1310
1931
862
1970
491
1225
1154
500
692
465
746
1108
1054
1215
1666
982
1694
410
1067
1127
1340
1416
1688
721
1928
265
1386
728
494
1825
1528
107
170
692
1052
1867
1889
1823
1711
697
1175
1039
1765
620
1973
677
839
318
1912
1669
1464
177
12
1917
244
1761
1771
1574
323
339
1288
501
779
1995
909
1977
120
95
790
1759
652
579
1889
544
1862
1496
495
954
923
855
1063
1247
1942
612
1317
750
441
1634
167
1281
1703
1681
1567
986
1490
635
447
1684
6
1358
586
1317
235
1496
347
1357
1188
1472
1756
267
752
671
1050
1091
906
1837
201
1626
1840
883
978
1783
1654
1944
617
844
848
16
399
110
258
34
1162
1643
365
156
406
149
457
522
575
502
1591
1994
317
1107
1743
1217
139
1688
874
903
36
1028
1052
1463
1200
1493
1978
539
1804
433
685
1187
1467
1441
1118
1225
867
1367
1231
185
726
1604
1986
122
760
1654
386
1234
1586
105
602
1007
1182
913
510
602
1267
1306
1510
1312
1316
1452
1041
911
1548
1050
404
1051
152
1258
1316
437
363
301
1893
861
123
1130
1457
1184
481
771
1822
1773
853
1055
350
1012
768
955
1793
1950
1167
797
643
1048
381
1084
1786
1608
1880
1909
189
1773
497
1841
1198
476
1120
634
1441
1247
1453
976
323
1170
29
1331
1664
449
789
1761
887
1723
1113
1284
1116
168
1890
1205
516
1152
1554
684
914
1396
81
996
1238
405
1920
36
997
741
961
342
906
737
1294
1533
1049
318
1010
609
354
1308
1810
1048
1712
905
1914
1234
81
1280
1888
1104
1750
835
526
741
763
767
1589
302
1436
1675
353
443
1138
749
1040
1381
962
1629
1895
1040
1032
821
1323
1498
90
404
538
1740
370
365
1164
1506
248
1417
1880
692
317
408
1253
267
959
849
931
966
1778
95
530
1292
1550
106
257
830
334
1010
1979
1876
1593
400
757
306
98
513
518
1740
609
1023
840
1636
1195
1376
285
797
300
469
960
165
1851
1369
1247
232
324
1701
1537
953
268
775
1993
598
1749
716
1573
365
843
429
1276
1309
134
475
375
702
145
1387
1273
1527
1376
64
1936
744
1092
637
50
34
1358
459
233
559
1697
799
1885
593
1152
116
668
1808
1915
1913
1400
1165
1547
1810
1802
607
1573
781
909
1466
733
883
412
1444
1736
526
1541
771
369
880
1856
1190
78
80
1705
830
966
1774
999
969
1444
776
1925
1849
181
115
133
1301
101
1015
931
1216
121
1183
1718
1731
1236
1315
1419
181
925
1424
597
1880
1749
1889
1614
1205
1863
1587
1596
649
777
1784
1177
768
84
946
1194
1422
1645
1282
746
264
408
1189
723
1339
1181
1419
1905
1304
825
1664
243
1226
1372
1607
1665
630
1243
1570
924
1321
512
1158
1850
187
1520
883
724
1150
1499
23
1428
943
894
1329
1228
97
719
697
1910
1060
1704
1586
949
1680
595
348
288
487
144
1035
533
711
908
396
664
128
131
1938
1301
3
1278
9
370
854
1561
1528
309
1426
449
374
741
530
815
1940
1387
1952
820
1170
256
606
1730
573
199
1278
30
35
31
705
866
1849
1777
1363
673
877
1096
228
1484
174
488
1189
1783
219
1616
1629
305
1553
230
1218
1216
1024
724
1765
1093
1593
1522
1215
1803
1637
1032
1114
1969
1069
954
1440
1018
527
418
1910
1843
1630
1771
1818
1807
142
1243
31
1754
1575
982
1263
1203
1543
876
1066
1385
1537
689
1612
1082
804
1511
1408
397
744
1835
1749
103
1900
475
1279
366
1524
1817
1963
592
1491
1552
1977
1857
477
1724
604
1773
443
401
1734
1534
754
740
144
1903
1950
866
12
273
631
1048
1271
535
1645
808
1814
1631
1202
1406
1088
1808
1869
350
1227
511
670
509
380
594
1590
726
592
1166
56
563
558
1391
577
979
805
1508
1071
369
1383
443
1708
846
1853
1206
736
656
577
1331
20
1406
104
427
409
497
1363
1745
708
742
1755
1325
1329
960
1656
1563
570
1213
1297
1672
158
868
1285
1073
959
1206
1816
1144
544
528
518
281
1578
331
671
1133
890
1998
496
320
1253
139
489
1158
481
525
912
845
1878
558
777
1395
1777
1611
1903
1793
764
1349
1271
1974
1257
667
727
293
974
67
427
1087
1392
1246
17
736
1630
1340
1601
1275
204
1930
1225
1006
436
182
75
1642
834
421
1763
1022
738
585
446
478
488
844
229
1916
7
1366
1650
1751
1362
1188
1926
101
1844
604
1516
406
928
1080
1491
1319
77
837
212
980
920
73
1696
426
1261
1100
1453
1866
797
164
1622
1254
711
510
1417
1332
59
621
79
935
215
1711
920
1766
23
692
1358
1667
62
644
197
1779
1673
1685
1455
569
1046
1458
1377
1706
261
660
1756
640
786
1177
1223
1611
1051
686
829
1066
1972
99
1352
1380
397
993
10
1249
240
493
707
1995
1545
915
717
710
602
527
1165
1467
801
1045
206
155
546
836
1466
223
892
1198
1140
979
1632
1656
702
741
560
1605
452
1581
806
477
14
791
1133
753
1999
823
554
1010
1575
453
258
1482
1225
520
764
552
1421
889
1139
790
74
576
367
1874
1066
1146
1178
667
161
539
661
1250
1426
1814
1891
1408
1015
1106
1656
1571
568
263
1255
475
653
1092
757
1463
827
1967
1199
416
503
617
1527
76
688
1411
437
1336
1077
947
1700
1039
1096
756
1270
539
1001
1515
574
458
1385
554
443
1832
1494
1238
1813
1368
1028
1340
277
343
1140
650
1117
259
339
1736
256
1271
942
1725
1264
1973
1695
392
185
526
20
1266
1569
817
691
103
1651
355
1161
1055
1436
1980
279
1021
27
993
656
1681
1063
1455
730
1193
1695
1821
434
1718
1473
789
1060
48
177
1837
782
1486
1621
1820
879
1129
1721
1451
465
1697
1436
1712
628
311
1411
1052
399
1136
1135
430
896
1621
84
1917
300
1018
1241
68
461
1908
114
315
1046
411
520
420
858
1009
377
82
1782
534
1020
1347
1252
271
976
226
1309
106
1465
1008
891
1875
1406
618
751
597
1351
1235
1720
939
683
1899
1233
22
105
609
550
507
1090
655
1611
413
1165
435
1937
800
218
237
1154
321
1222
276
151
26
1454
288
888
383
353
1543
1579
1936
1851
1609
578
1632
1737
1440
127
444
51
733
1590
1822
105
656
964
922
218
875
1541
253
638
1519
258
1098
1996
193
718
230
955
343
1080
294
1830
1395
1587
1260
821
851
584
1901
1748
1410
1456
455
703
1783
1241
1476
803
918
901
1623
1195
1442
1145
397
1703
1676
1384
389
980
1326
1614
1361
739
664
562
1254
365
331
614
477
1061
1448
1948
229
1438
263
38
467
230
213
935
737
1781
1651
366
164
1987
759
1269
925
286
838
1035
236
1002
586
1330
1761
1841
98
585
374
718
524
1094
1798
312
38
319
709
470
885
1929
316
10
502
1345
411
1776
651
613
646
1595
1305
246
1076
1029
1568
1378
150
244
1953
281
34
837
1608
595
1256
1568
974
1109
1661
1820
1064
251
896
120
617
988
629
1865
1217
1111
721
1019
532
1138
1640
1965
1388
1793
1333
369
1077
1572
1635
1214
639
1346
1690
52
1211
1171
1399
1055
1201
67
1509
532
221
513
723
1623
765
162
243
345
1580
152
81
353
1648
100
1812
570
458
1483
780
1000
426
310
977
355
280
268
1063
259
681
1499
1068
984
735
488
768
439
191
1488
1415
253
195
745
682
723
649
438
1540
283
1390
1433
385
1560
1762
1541
1633
570
1539
1525
676
1957
1804
1352
1674
938
1438
711
1367
451
574
496
682
899
1511
598
1982
1477
1375
1094
1752
1808
1460
59
1789
1299
885
222
385
1336
421
585
291
488
1302
1440
1395
161
1717
1288
588
1590
1203
940
948
1611
562
818
180
1137
648
462
1171
660
29
335
960
538
994
1586
1902
950
1521
403
1081
92
1936
1051
1939
1459
1920
1422
1310
136
808
1557
1194
1484
796
1821
833
1173
878
338
1424
1447
1143
901
1737
1431
1146
263
277
129
1834
975
421
499
1780
696
277
633
667
1452
1575
1089
269
1388
274
1811
1585
725
682
15
1992
380
1750
1984
723
486
1115
1472
747
1223
1074
234
197
615
1646
929
557
1041
1799
334
228
1034
1207
1418
392
971
1031
1698
1653
1475
1304
1256
1880
1248
695
989
1655
1335
1774
904
619
1219
1754
1550
302
484
48
515
307
1047
855
1040
226
1389
1764
484
848
1784
1266
928
1471
318
478
1113
141
157
1323
1054
1163
584
1078
1825
1943
1182
1773
249
160
371
927
397
1412
1461
531
496
463
1872
1461
424
1605
487
474
404
370
787
48
1450
1834
463
576
556
1370
841
550
244
1956
1175
1039
341
1016
1495
33
1794
342
1288
599
435
906
1943
1084
317
1188
1242
16
1105
186
453
303
1591
1154
1594
544
835
944
1092
255
213
548
1109
591
1240
234
194
637
1857
735
1450
297
750
473
194
1892
1554
1940
1758
1779
1342
1021
1340
1580
1360
1593
652
1210
1617
831
1359
1491
997
1518
1441
129
1851
300
1387
527
235
1766
39
1354
1816
1691
1680
1080
135
1920
1606
274
269
351
852
1895
919
1745
558
1593
1446
972
1607
1847
1749
1246
834
1963
1851
474
1648
1281
1828
880
1813
220
926
292
1048
1660
1103
116
199
1844
141
705
1646
1868
1534
1945
1169
1322
1748
1172
9
1224
1321
394
226
454
1001
909
941
1815
1639
1895
934
716
157
370
860
740
779
1542
869
1370
309
41
1819
67
108
1128
794
82
1789
633
1497
1256
631
1525
1966
441
1089
1186
685
1640
707
1698
344
1521
274
1769
817
1243
1765
627
1859
560
1516
1804
1830
219
208
367
1393
973
205
1980
1359
551
1858
1741
1933
1252
1110
756
720
1111
220
1618
1265
1549
1226
1925
1543
1950
679
1955
1021
750
373
24
1070
534
1229
444
1932
1179
41
188
975
1714
1503
1063
58
135
907
258
1489
527
528
398
1487
1305
557
788
386
501
713
1724
364
1729
891
532
375
880
1324
1082
1376
158
1142
676
806
1294
1626
1729
822
206
695
831
714
1592
1568
424
659
839
1615
1294
1534
633
1685
1387
780
562
1764
882
1893
1221
1066
1443
312
1569
1400
1497
573
1642
798
697
127
593
649
941
1462
1050
861
272
478
480
118
600
378
1865
251
1942
809
1879
80
1274
1602
467
1732
1470
688
1439
435
1606
1821
1558
1547
995
1583
193
203
490
1983
92
1975
1405
792
192
987
1184
1640
1558
31
998
1185
1600
142
1445
993
942
1742
749
1407
1419
210
1285
1357
510
114
1990
1773
1884
1849
1725
458
975
700
380
1086
1595
1500
587
140
1878
187
1290
1553
1483
1032
1699
238
1806
859
921
236
1724
279
1158
1543
1393
220
1577
870
709
1618
787
1911
1913
792
117
1062
287
622
1893
1702
1070
1031
425
779
812
1335
204
898
1181
188
1712
1838
1286
1101
812
1464
1270
1014
1359
1379
1232
1716
1842
662
704
126
471
1604
473
939
174
1501
693
500
818
149
725
1372
313
149
1323
941
1978
1527
1683
827
179
1414
1776
367
1402
1334
896
1007
1955
1403
478
502
1382
885
1134
1745
1429
761
231
1149
1949
39
1690
865
35
13
777
322
349
37
1533
1116
1520
311
302
357
1931
1690
1544
1432
83
845
1758
1865
33
1532
630
963
1148
1867
795
131
1461
1710
596
104
273
1015
1759
1842
716
543
363
1322
526
623
1058
1467
637
1164
1103
597
1966
1839
166
269
203
147
57
49
1019
1862
801
1568
1037
1227
955
1403
902
809
1949
119
1170
1961
1269
700
82
280
823
1311
611
1870
1080
55
1012
95
1656
878
257
547
858
641
859
340
321
619
715
621
1862
499
341
7
150
1474
1533
665
1405
1589
127
1102
329
1321
517
760
1622
174
1831
1584
8
1125
1380
1381
1155
1610
1606
1192
788
1449
706
410
419
264
1601
923
1298
1858
1722
1814
1953
710
1780
1699
1284
316
1618
1447
505
1100
1630
999
1483
1459
123
234
907
1624
102
1955
1877
1066
885
1321
216
1267
394
1905
675
289
1049
1932
1569
1615
830
91
1469
1304
402
1021
1094
1411
136
499
587
1452
331
917
1992
840
429
718
1
368
1970
1624
1555
1378
511
86
1118
688
1997
1864
1045
1886
1182
762
278
1597
938
1726
555
1509
1248
132
1350
124
901
428
212
502
1110
741
886
1385
474
1949
440
1303
1978
1639
263
1322
743
1121
603
169
321
551
490
1973
1904
117
614
1291
1845
447
121
340
362
1001
19
739
1733
604
446
1733
1185
538
424
813
339
1498
970
145
1934
842
1191
1701
1221
1234
1948
1140
448
1068
729
1351
107
1211
1478
910
360
802
1372
1596
566
748
1505
1111
1760
495
1905
518
319
914
1941
1357
1217
662
879
241
810
271
594
1085
1313
504
375
515
1445
1036
881
1838
1926
