970
670
400
291
104
310
481
47
821
950
304
380
404
285
371
377
924
952
41
577
980
159
35
477
902
8
695
691
274
811
282
616
88
74
366
516
779
170
261
0
531
111
450
782
403
749
281
195
363
130
918
735
133
942
441
538
364
452
836
327
424
492
78
490
597
826
242
388
177
188
420
288
321
681
289
594
683
781
864
604
676
211
427
399
37
983
559
844
656
235
484
915
763
258
324
991
765
154
460
699
151
143
878
232
872
576
57
523
126
748
968
526
303
728
766
368
783
513
910
504
91
373
846
272
110
90
402
374
315
583
286
943
184
39
651
842
610
561
52
157
208
297
623
696
746
793
521
575
287
372
278
266
721
542
714
741
837
173
592
971
384
7
58
61
34
851
194
49
347
494
672
89
762
96
408
446
747
951
938
886
86
925
29
142
19
704
311
6
680
442
824
591
325
160
799
141
313
913
483
191
860
23
955
953
437
903
433
800
125
150
997
320
5
72
76
956
309
396
213
69
669
574
163
621
254
892
149
498
847
255
530
113
40
625
803
988
753
732
889
3
24
883
648
497
210
470
990
525
572
390
117
115
822
218
571
328
573
789
690
331
698
464
595
330
438
127
246
339
888
138
802
533
764
203
632
81
179
256
853
506
87
705
629
65
774
98
67
175
97
107
432
131
360
786
244
479
539
568
788
30
541
815
784
435
11
17
239
123
820
476
428
881
945
510
874
949
68
906
100
993
53
13
768
673
344
868
974
120
852
725
877
168
406
16
253
598
879
537
283
740
225
101
609
890
79
14
535
226
340
677
957
335
359
628
351
622
647
440
599
885
354
831
726
455
832
962
808
80
963
401
606
948
365
769
322
262
431
456
85
245
9
503
981
342
686
378
99
615
940
818
545
520
994
448
543
917
215
645
901
459
551
307
857
646
547
936
381
250
787
854
32
933
264
270
805
153
121
584
566
871
345
54
31
638
643
549
423
663
916
978
387
172
724
444
912
754
453
752
546
50
486
966
745
334
627
462
630
961
964
775
292
613
36
553
923
659
660
275
709
989
134
323
743
999
487
206
430
579
12
70
196
361
247
707
174
977
654
411
998
637
734
843
668
38
279
132
624
772
515
389
620
569
169
564
158
77
93
358
407
723
776
290
738
193
298
904
712
224
271
257
124
527
171
585
312
122
937
557
56
973
554
897
736
295
985
114
849
932
887
25
48
308
841
412
394
449
139
216
422
294
703
665
343
491
473
929
685
341
234
682
532
898
928
499
305
376
472
809
792
761
500
716
73
652
756
392
688
719
674
588
827
731
750
556
21
866
639
33
164
222
44
59
882
251
370
570
848
636
959
337
982
608
655
642
268
972
930
935
379
939
601
612
522
199
293
118
296
814
967
618
277
496
369
108
338
701
148
927
555
42
931
767
514
519
51
829
501
204
893
581
540
796
94
1
18
550
471
976
485
451
375
95
858
880
314
856
658
382
692
436
20
607
82
475
220
914
593
845
106
600
457
397
119
641
687
996
755
694
182
306
711
702
83
859
135
112
161
589
482
563
744
548
986
619
201
176
316
4
693
835
653
357
332
405
391
189
66
947
833
454
443
469
333
567
528
137
478
855
664
662
260
231
346
249
834
715
62
921
760
720
640
415
678
777
197
429
217
284
895
236
552
186
192
534
156
63
995
649
941
798
875
785
717
791
733
467
770
27
790
850
140
919
439
421
259
987
905
586
198
221
862
667
162
393
22
128
395
398
737
684
238
679
75
229
144
773
602
536
907
419
181
2
109
465
801
237
507
299
580
64
336
884
10
15
911
729
617
611
269
165
512
385
447
413
873
706
867
434
55
489
603
28
248
969
633
896
560
267
466
26
352
230
517
418
92
212
634
804
934
975
700
480
147
830
759
185
806
839
508
813
301
223
505
751
252
209
946
909
558
578
565
326
178
205
861
410
166
495
348
60
227
614
671
960
145
383
758
458
730
367
863
273
708
129
605
136
727
958
582
590
468
414
666
631
812
795
771
697
661
445
155
228
233
922
865
650
876
102
825
302
657
417
780
263
823
816
329
207
524
353
899
739
626
891
908
187
43
870
838
488
511
46
529
502
794
214
493
425
965
463
356
319
71
984
103
265
819
190
409
200
992
355
587
807
241
202
797
180
318
926
509
894
944
300
954
710
635
817
426
644
146
713
718
689
243
757
544
675
742
84
317
350
979
349
276
461
596
167
240
45
900
152
722
105
280
219
362
416
183
840
474
828
562
386
778
518
810
116
869
920
