1,2,3,4,5,6,7,8,9,10,19,18,17
2,1,3,4,5,6,8,9,10,18,24
3,1,2,4,5,6,7,8,9,10,20
4,1,2,3,5,6,7,8,9,10,22
5,1,2,3,4,6,7,8,9,10,12,13,24
6,1,2,3,4,5,7,8,9,10,21,22
7,1,2,3,4,5,6,8,9,10,14,25,24,23,22,21
8,1,2,3,4,5,6,7,9,10,22
9,1,2,3,4,5,6,7,8,10,11,25
10,1,2,3,4,5,6,7,8,9,21
11,1,3,5,2,8,15,20,22,24
12,14,18,3,4,5,11,10,25,24,23
13,11,12,1,5,9,10,13
14,5,6,7,12,15,3,22,21,25
15,17,14,2,3,9,10,7,21,24,25
16,1,4,5,18,19,3,8,25
17,14,16,15,3,2,1,18
18,1,2,3,4,5,6,7,8,9,20,19,21,25
19,18,1,2,3,4,8,9,13,14,20
20,1,4,8,2,18,19,17,16,12,3,7,6,25
21,3,4,6,5,8,12,14,15,19,22,24
22,1,3,5,9,10,17,20,19,18,25
23,2,4,6,7,8,9,10,13,15,17,22,21,24,25
24,23,22,21,20,18,16,14,11,9,3,4,1,25
25,5,6,7,9,12,15,16,17,20,24,23,1